pathway,pval,padj,ES,NES,nMoreExtreme,size,leadingEdge
"NABA_CORE_MATRISOME",5.107056675561457e-6,0.00669535130166107,-0.5286881976916467,-1.860432154148865,3,169,"FBLN7, SPARCL1, COL8A2, COL8A1, HMCN2, SLIT1, DMBT1, CHAD, MFAP2, SPOCK3, EDIL3, COL23A1, COL1A1, VWA7, OTOG, NTNG2, SRGN, LAMC3, AEBP1, MGP, NPNT, FBLN5, SBSPON, HAPLN3, HMCN1, IGFBP5, COL13A1, ZPLD1, COL4A1, COL24A1, SVEP1, COL5A3, NID1, FBLN1, MFAP5, VWA1, FN1, RSPO4, NTN1, COL27A1, HSPG2, SRPX2, THSD4, KCP, COL6A1, CTHRC1, LGI2, PODN, FBN3, SSPO, EFEMP1, CRISPLD2, COL4A6, COL18A1, SRPX, 
MATN3, ECM1, MATN2, AGRN, COL9A3, EMILIN3, IGFBP2, SMOC2, FBN1, NTN4, TINAGL1, LTBP3, PCOLCE2, COL5A1, COL4A4, COL15A1, LAMA3, COCH, IGFBP6, LAMC1, LTBP2, THBS4, LAMA5, SPOCK1, CTGF, COL17A1, SNED1, CYR61, GLDN, PXDN, IGFBP4, VWF, FNDC1, LAMC2"
REACTOME_CYTOKINE_SIGNALING_IN_IMMUNE_SYSTEM,1.10182854568426e-5,0.007222486116960324,-0.4756940813815655,-1.7229875453841017,8,227,"TMEM189-UBE2V1, IFITM1, UBA7, IFI27, IRF8, HLA-DRB1, IL7, IFIT1, OASL, NCAM1, LCK, OAS2, IL7R, SYK, IFITM2, XAF1, IL3RA, PRLR, OAS1, HLA-G, IL1R2, NOD2, HLA-DPB1, IFIT3, CAMK2B, PIK3R3, SOCS2, IL2RG, SOCS3, IL1RN, BLNK, HERC5, JAK3, IL1R1, PTAFR, OAS3, GBP4, IL1B, GBP1, HLA-DRB5, MAP3K8, IFI35, HLA-F, IFITM3, MAPK3, IFIT2, IFNAR2, CISH, KPNA2, ISG15, FLNB"
"NABA_ECM_AFFILIATED",2.0687971599552586e-5,0.00904064358900448,-0.5684642957471846,-1.8688495855085459,14,96,"FREM1, CSPG4, SEMA3D, SEMA3E, SEMA5A, C1QTNF5, SDC2, SEMA3C, PLXNC1, GREM1, ELFN2, MUC3A, COLEC12, ANXA6, FREM2, SEMA6D, REG4, MUC1, SEMA3F, SEMA6B, CLEC2L, C1QL1, LGALS1, ANXA9, C1QL4, PLXND1, MUC5B, SEMA7A, SDC1, LGALS7, GPC5, SEMA3G, SEMA6C, MUC4, GPC1, MUC21, SEMA4G, SEMA4B, SEMA4F, REG1A"
REACTOME_DNA_REPLICATION,2.915089772090677e-5,0.009554206728027195,-0.48694928949007044,-1.7227025764005814,22,178,"CCNA1, POLE2, SPC25, PSMB9, E2F2, POLD1, SPC24, E2F1, KIF20A, BIRC5, CCNA2, PCNA, AURKB, PLK1, CENPM, MCM5, BUB1, MAD2L1, LIG1, MCM6, CDK2, CENPI, INCENP, CDC6, MCM10, ERCC6L, CDCA8, CENPO, POLA2, DNA2, CDT1, ZWINT, ITGB3BP, MCM2, MCM4, FBXO5, GINS2, SKA2, ORC1, RFC2, KNTC1, MCM3, CDC20, BUB1B, RPA3, KIF18A, ORC6, CENPA, GMNN, PSMA2, CENPQ, PPP2R1A, CDC45, KIF23, RFC5, SMC1A, CENPH, 
MCM7, MCM8, NUF2, POLE, RFC3, GINS1, FEN1, CENPK, POLD2, KIF2C, PRIM2, CDKN1B, PSME1, PRIM1, CDC7, RANGAP1, RPA1, DSN1, PPP2R5D, RB1, E2F3, CENPN, NDC80, NUP107, RPA2, DBF4, PSMB8, PMF1, RAD21, NUP85, MAPRE1, PSMB5, NSL1, PPP2R1B"
"NABA_ECM_GLYCOPROTEINS",4.5240800815398905e-5,0.011862137973797593,-0.5227705396989993,-1.779366049843907,33,126,"FBLN7, SPARCL1, HMCN2, SLIT1, DMBT1, MFAP2, EDIL3, VWA7, OTOG, NTNG2, LAMC3, AEBP1, MGP, NPNT, FBLN5, SBSPON, HMCN1, IGFBP5, ZPLD1, SVEP1, NID1, FBLN1, MFAP5, VWA1, FN1, RSPO4, NTN1, SRPX2, THSD4, KCP, CTHRC1, LGI2, FBN3, SSPO, EFEMP1, CRISPLD2, SRPX, MATN3, ECM1, MATN2, AGRN, EMILIN3, IGFBP2, SMOC2, FBN1, NTN4, TINAGL1, LTBP3, PCOLCE2, LAMA3, COCH, IGFBP6, LAMC1, LTBP2, THBS4, LAMA5, 
CTGF, SNED1, CYR61, GLDN, PXDN, IGFBP4, VWF, FNDC1, LAMC2, PCOLCE, VWA2, LRG1"
REACTOME_TRAF6_MEDIATED_INDUCTION_OF_TAK1_COMPLEX,5.455794425666041e-5,0.0119209108200803,0.8347464633811534,2.0597923932887885,21,14,"TICAM2, CD14, TLR4, LY96"
REACTOME_DOWNSTREAM_TCR_SIGNALING,6.515693285657528e-5,0.012202962710710027,-0.74401392272432465,-1.969551634844293,40,27,"TMEM189-UBE2V1, HLA-DRB1, LCK, CD4, HLA-DPB1"
REACTOME_GPCR_LIGAND_BINDING,7.962581006418867e-5,0.013048679624268918,-0.4872328059803587,-1.7069812895221192,61,162,"INSL3, SSTR2, FZD8, CCR3, HTR6, NTSR1, WNT6, EDN2, F2RL2, KISS1, RAMP1, ADRA2A, GIPR, S1PR1, CCR9, NPW, RXFP4, F2R, CNR1, SSTR1, GPR55, NMU, CXCL12, HTR1D, CXCR4, WNT2B, PTH2R, GRM4, OPRL1, ADORA1, TACR2, ADRA1D, WNT10A, GNB3, NPFFR1, ADRB1, FZD2, P2RY2, LTB4R2, EDNRB, PTCH1, XCL1, HCAR3, WNT7A, OPN3, DRD1, GPR68, PTAFR, ADRB2, CCL2, FZD1, NPY1R, HTR7, NMB, LPAR6, VIPR1, ADM, SSTR5, 
C3, WNT11, WNT4, GPR132, CCR7, S1PR3, HRH1, WNT5A, BDKRB1, CXCL1, CXCR6, PTGER4, RLN2, GABBR1, S1PR5, FZD4, BDKRB2, P2RY6"
REACTOME_GPCR_DOWNSTREAM_SIGNALING,1.451956571978932e-4,0.01913894013191947,-0.43845055003007866,-1.5999178572333734,119,247,"INSL3, SSTR2, CCR3, ARHGEF6, HTR6, NTSR1, EDN2, F2RL2, KISS1, RAMP1, ADRA2A, GIPR, S1PR1, RGS9, CCR9, NPW, RXFP4, F2R, CNR1, SSTR1, GPR55, ADCY2, NMU, CXCL12, HTR1D, CXCR4, PTH2R, FGD2, OPRL1, ADORA1, NGEF, RAC2, TACR2, ADRA1D, PDE7B, GNB3, NPFFR1, PDE4D, ADRB1, PLEKHG2, PIK3R5, P2RY2, PLCB1, PIK3R3, LTB4R2, EDNRB, GNA15, FGD3, ADCY5, XCL1, PDE2A, HCAR3, OPN3, DRD1, GPR68, PTAFR, VAV3, 
ADRB2, TIAM1, NPY1R, HTR7, GNAI1, NMB, DGKI, OR2A7, LPAR6, VIPR1, RHOB, ECT2, ADM, SSTR5, GNAL, C3, VAV1, ARHGEF25, GPR132, CCR7, RHOC, S1PR3, HRH1, ITSN1, DGKA, BDKRB1, CXCL1, CXCR6, PTGER4, GNAI2, RLN2, GABBR1, GNAZ, S1PR5, BDKRB2, P2RY6"
REACTOME_CYTOSOLIC_TRNA_AMINOACYLATION,1.459873389162431e-4,0.01913894013191947,0.7226314336601072,2.0383732315413345,54,24,"WARS, SARS, IARS, GARS, EPRS, NARS, CARS, TARS, AIMP2, LARS, YARS, MARS, AARS, FARSB"
REACTOME_CELL_CYCLE_MITOTIC,1.6130437546948992e-4,0.01922454874913648,-0.4200595059571842,-1.556860318955785,136,298,"CDKN2A, TUBB4A, CDKN2C, CCNA1, TYMS, POLE2, PTTG1, SPC25, PSMB9, E2F2, POLD1, SPC24, E2F1, KIF20A, BIRC5, CCNA2, PCNA, CCNE2, DHFR, PKMYT1, PLK4, TUBB, AURKB, PLK1, CENPM, MCM5, BUB1, MAD2L1, LIG1, MCM6, CDK2, RRM2, CENPI, INCENP, CDC6, MCM10, ERCC6L, CCNB1, CDCA8, CENPO, POLA2, DNA2, CDT1, ZWINT, CCNB2, ITGB3BP, TUBA4A, CEP41, MCM2, UBE2C, TUBB4B, MCM4, FBXO5, CDK1, MYBL2, GINS2, SKA2, 
DHFRP1, AURKA, ORC1, RFC2, KNTC1, MCM3, CDC20, NEK2, CCND3, TUBGCP6, SKP2, BUB1B, RPA3, RBBP4P1, WEE1, KIF18A, ORC6, CENPA, GMNN, PSMA2, DCTN3, CENPQ, CDC25A, TUBG2, PPP2R1A, CDC25C, CDC25B, NINL, CENPJ, CDC45, KIF23, RFC5, SMC1A, CENPH, MCM7, CDKN2D, PPP2R3B, MCM8, ANAPC11, CDC14A, NUF2, TUBG1, POLE, RFC3, GINS1, FEN1, CENPK, POLD2, KIF2C, PRIM2, CDKN1B, PSME1, TUBA1A, PRIM1, CCNE1, CDC7, 
RANGAP1, RPA1, DSN1, PPP2R5D, HDAC1, RB1, E2F3"
KEGG_AXON_GUIDANCE,2.1637632816090871e-4,0.023639113851579276,-0.5095331788988883,-1.718717426588618,160,117,"SEMA3D, SEMA3E, SLIT1, SEMA5A, ROBO2, SEMA3C, PLXNC1, SEMA6D, CXCL12, CXCR4, SEMA3F, SEMA6B, DPYSL5, NGEF, RAC2, UNC5A, NTN1, EFNB3, DPYSL2, SEMA7A, EPHA3, EPHB3, EPHB6, SEMA3G, EFNA3, EPHA1, SEMA6C, FES, SRGAP3, GNAI1, SEMA4G, NTN4, SEMA4B, SEMA4F, NFATC4, EFNA4, MAPK3, PPP3CC, EPHA6, NFATC2, SEMA6A, RGS3, RHOD, EPHB2, L1CAM, RND1, GNAI2, NRP1, EPHA8, PAK4"
REACTOME_ACTIVATION_OF_IRF3_IRF7_MEDIATED_BY_TBK1_IKK_EPSILON,2.4095082144560658e-4,0.024298963608860785,0.8163525672481696,1.976081860792237,97,13,"TICAM2, CD14, TLR4, LY96, IRF7"
REACTOME_CLASS_A1_RHODOPSIN_LIKE_RECEPTORS,2.8637583910835323e-4,0.026350754259931178,-0.5151062760643165,-1.7219882545981346,210,109,"INSL3, SSTR2, CCR3, HTR6, NTSR1, EDN2, F2RL2, KISS1, ADRA2A, S1PR1, CCR9, NPW, RXFP4, F2R, CNR1, SSTR1, GPR55, NMU, CXCL12, HTR1D, CXCR4, OPRL1, ADORA1, TACR2, ADRA1D, NPFFR1, ADRB1, P2RY2, LTB4R2, EDNRB, XCL1, HCAR3, OPN3, DRD1, GPR68, PTAFR, ADRB2, CCL2, NPY1R, HTR7, NMB, LPAR6, SSTR5, C3, GPR132, CCR7, S1PR3, HRH1, BDKRB1, CXCL1, CXCR6, PTGER4, RLN2, S1PR5, BDKRB2, P2RY6"
REACTOME_IRAK1_RECRUITS_IKK_COMPLEX,3.014960441639723e-4,0.026350754259931178,-0.8838022703529429,-1.8238956776593658,173,9,TMEM189-UBE2V1
REACTOME_IKK_COMPLEX_RECRUITMENT_MEDIATED_BY_RIP1,3.405197182199332e-4,0.027901334411645776,0.8675851088168521,1.904369010158141,143,9,"TICAM2, CD14, TLR4, LY96"
REACTOME_MITOTIC_M_M_G1_PHASES,5.02690684110463e-4,0.03506525185998293,-0.462925229475945,-1.6173859873255914,389,158,"POLE2, SPC25, PSMB9, E2F2, SPC24, E2F1, KIF20A, BIRC5, AURKB, PLK1, CENPM, MCM5, BUB1, MAD2L1, MCM6, CDK2, CENPI, INCENP, CDC6, MCM10, ERCC6L, CDCA8, CENPO, POLA2, CDT1, ZWINT, ITGB3BP, MCM2, MCM4, FBXO5, SKA2, ORC1, KNTC1, MCM3, CDC20, BUB1B, RPA3, KIF18A, ORC6, CENPA, GMNN, PSMA2, CENPQ, PPP2R1A, CDC45, KIF23, SMC1A, CENPH, MCM7, MCM8, NUF2, POLE, CENPK, KIF2C, PRIM2, PSME1, PRIM1, 
CDC7, RANGAP1, RPA1, DSN1, PPP2R5D, E2F3, CENPN, NDC80, NUP107, RPA2, DBF4, PSMB8, PMF1, RAD21, NUP85, MAPRE1, PSMB5, NSL1, PPP2R1B"
REACTOME_TRNA_AMINOACYLATION,5.044702479194247e-4,0.03506525185998293,0.5869276702674405,1.8743189122253034,172,42,"WARS, SARS, IARS, GARS, EPRS, NARS, CARS, TARS, AIMP2, LARS, YARS, MARS, PARS2, AARS, CARS2, FARSB"
KEGG_AMINOACYL_TRNA_BIOSYNTHESIS,5.081920559417816e-4,0.03506525185998293,0.5900835354220314,1.8750261950587879,174,41,"WARS, SARS, IARS, GARS, EPRS, NARS, CARS, TARS, LARS, YARS, MARS, PARS2, AARS, CARS2, FARSB, PSTK, TARSL2, SEPSECS, MARS2"
REACTOME_INTERFERON_SIGNALING,6.861131491800353e-4,0.04497471692875131,-0.4770333779823568,-1.6329094790595098,518,132,"IFITM1, UBA7, IFI27, IRF8, HLA-DRB1, IFIT1, OASL, NCAM1, OAS2, IFITM2, XAF1, OAS1, HLA-G, HLA-DPB1, IFIT3, CAMK2B, SOCS3, HERC5, PTAFR, OAS3, GBP4, GBP1, HLA-DRB5, IFI35, HLA-F, IFITM3, MAPK3, IFIT2, IFNAR2, KPNA2, ISG15, FLNB"
REACTOME_INTERFERON_ALPHA_BETA_SIGNALING,7.556780601968654e-4,0.04617670672355712,-0.6025867305849731,-1.78537528464218,504,49,"IFITM1, IFI27, IRF8, IFIT1, OASL, OAS2, IFITM2, XAF1, OAS1, HLA-G, IFIT3, SOCS3, OAS3, IFI35, HLA-F, IFITM3, IFIT2, IFNAR2, ISG15"
REACTOME_EXTRACELLULAR_MATRIX_ORGANIZATION,7.748951547812789e-4,0.04617670672355712,-0.5756633282889648,-1.7601164537911085,528,59,"COL8A2, ADAMTS3, COL8A1, MMP10, COL23A1, COL1A1, MMP1, MMP13, MMP16, COL13A1, COL4A1, COL24A1, COL5A3, COL27A1, TIMP2, COL6A1, COL4A6, MMP15, COL9A3, PLOD1, ADAMTS2, MMP2, PCOLCE2, COL5A1, TLL1, COL4A4, COL15A1"
REACTOME_MITOTIC_G1_G1_S_PHASES,9.225141090393147e-4,0.05258330421524094,-0.47275710085962486,-1.6167604959123172,696,131,"CDKN2A, CDKN2C, CCNA1, TYMS, POLE2, PSMB9, E2F2, E2F1, CCNA2, PCNA, CCNE2, DHFR, PKMYT1, MCM5, MCM6, CDK2, RRM2, CDC6, MCM10, CCNB1, POLA2, CDT1, MCM2, MCM4, FBXO5, CDK1, MYBL2, DHFRP1, ORC1, MCM3, CCND3, SKP2, RPA3, RBBP4P1, WEE1, ORC6, PSMA2, CDC25A, PPP2R1A, CDC45, MCM7, CDKN2D, PPP2R3B, MCM8, POLE, PRIM2, CDKN1B, PSME1, PRIM1, CCNE1, CDC7, RPA1, HDAC1, RB1, E2F3"
KEGG_CYTOKINE_CYTOKINE_RECEPTOR_INTERACTION,9.634470051427774e-4,0.05262829265592421,-0.4691163696335428,-1.610028847041327,730,135,"TPO, TNFRSF1B, CCR3, TNFRSF10D, CCL24, TNFRSF6B, TNFSF10, CCR9, PDGFRB, TNFRSF19, CXCL14, IL7, TNFRSF11A, IL7R, TNFSF15, CXCL12, KIT, IL3RA, CXCR4, PRLR, IL1R2, TGFB3, NGFR, PDGFB, KITLG, IL11RA, BMPR1B, IL2RG, IL20RA, XCL1, TGFB1, IL1R1, AMH, TNFSF9, IL1B, CNTFR, IL15, CCL2, INHBA, CD70, IL21R, TNFSF12, IL22RA1, OSMR, VEGFB, IFNAR2, EDA, CCL26, CCR7, FLT4, EGF, CXCL1, CXCR6, TNFRSF12A, TNFRSF25, 
IL4R, EGFR, LIFR, TNFRSF10C"
REACTOME_NOD1_2_SIGNALING_PATHWAY,0.0012379227529886203,0.06193377121550715,-0.6705359484309439,-1.8010811904696102,783,29,"TMEM189-UBE2V1, NOD2"
REACTOME_G_ALPHA_I_SIGNALLING_EVENTS,0.0012427732316722439,0.06193377121550715,-0.5167382461788099,-1.6730290798735978,887,86,"SSTR2, CCR3, ADRA2A, S1PR1, RGS9, CCR9, NPW, RXFP4, CNR1, SSTR1, GPR55, ADCY2, NMU, CXCL12, HTR1D, CXCR4, OPRL1, ADORA1, GNB3, ADCY5, HCAR3, OPN3, NPY1R, GNAI1, SSTR5, C3, CCR7, S1PR3, BDKRB1, CXCL1, CXCR6, GNAI2, GABBR1, GNAZ, S1PR5, BDKRB2"
REACTOME_TCR_SIGNALING,0.001275523892310216,0.06193377121550715,-0.6233299303666183,-1.7727917227073149,831,39,"TMEM189-UBE2V1, HLA-DRB1, LCK, CD4, HLA-DPB1, EVL, HLA-DRB5, LAT"
PID_E2F_PATHWAY,0.0014483246658733655,0.06781262989142793,-0.5383288259986692,-1.690921570577365,1008,70,"CEBPA, CDKN2A, CDKN2C, SERPINE1, CES1, TYMS, TP73, TK1, E2F2, PLAU, E2F1, CCNA2, CCNE2, DHFR, CES3, CDK2, RRM2, CDC6, CDK1, MYBL2, RRM1, ORC1, MCM3, CCND3, CASP7, CDC25A"
REACTOME_DNA_STRAND_ELONGATION,0.0015564239075525116,0.07022423298474623,-0.6583067856577383,-1.780197978963195,988,30,"POLD1, PCNA, MCM5, LIG1, MCM6, POLA2, DNA2, MCM2, MCM4, GINS2, RFC2, MCM3, RPA3, CDC45, RFC5, MCM7, MCM8, RFC3, GINS1, FEN1, POLD2, PRIM2, PRIM1, RPA1"
REACTOME_TRAF6_MEDIATED_IRF7_ACTIVATION_IN_TLR7_8_OR_9_SIGNALING,0.001606961853197854,0.07022423298474623,-0.8823519016552721,-1.7121576054725132,909,7,TMEM189-UBE2V1
REACTOME_G1_S_TRANSITION,0.0017555806763548207,0.07424407311939257,-0.48441178451225,-1.6137091689809446,1288,106,"CCNA1, TYMS, POLE2, PSMB9, E2F1, CCNA2, PCNA, CCNE2, DHFR, PKMYT1, MCM5, MCM6, CDK2, RRM2, CDC6, MCM10, CCNB1, POLA2, CDT1, MCM2, MCM4, FBXO5, CDK1, DHFRP1, ORC1, MCM3, SKP2, RPA3, WEE1, ORC6, PSMA2, CDC25A, PPP2R1A, CDC45, MCM7, PPP2R3B, MCM8, POLE, PRIM2, CDKN1B, PSME1, PRIM1, CCNE1, CDC7, RPA1, RB1, RPA2, DBF4, PSMB8"
KEGG_NEUROACTIVE_LIGAND_RECEPTOR_INTERACTION,0.001925694204635479,0.07889328444615978,-0.4777012780572067,-1.6005633562850987,1421,111,"SSTR2, P2RX6, HTR6, NTSR1, F2RL2, ADRA2A, GIPR, S1PR1, GRIK2, F2R, CNR1, SSTR1, GABRB1, GABRE, HTR1D, GABRP, PRLR, PTH2R, GRM4, OPRL1, GRIN2D, ADRA2C, ADORA1, TACR2, GRIN3B, ADRA1D, P2RX5, NPFFR1, ADRB1, P2RY2, CHRNB4, LTB4R2, EDNRB, GRID1, GLRA3, DRD1, PTAFR, ADRB2, THRB, GRIN2A, NPY1R, HTR7"
REACTOME_SYNTHESIS_OF_DNA,0.00202175863740992,0.08031895677710317,-0.5025179186595111,-1.634857413833295,1450,89,"CCNA1, POLE2, PSMB9, POLD1, CCNA2, PCNA, MCM5, LIG1, MCM6, CDK2, CDC6, POLA2, DNA2, CDT1, MCM2, MCM4, GINS2, ORC1, RFC2, MCM3, RPA3, ORC6, PSMA2, CDC45, RFC5, MCM7, MCM8, POLE, RFC3, GINS1, FEN1, POLD2, PRIM2, CDKN1B, PSME1, PRIM1, RPA1, RB1"
REACTOME_IL1_SIGNALING,0.003083236629957809,0.11888597711396141,-0.6045208626759156,-1.7110049712497588,2005,38,"TMEM189-UBE2V1, IL1R2, NOD2, IL1RN, IL1R1, IL1B, MAP3K8"
REACTOME_UNFOLDED_PROTEIN_RESPONSE,0.0034800025455264047,0.1303509524910033,0.45261245742309286,1.6088951894891277,1038,74,"ERN1, ATF3, DDIT3, HERPUD1, ASNS, ATF4, ATF6, EXOSC5, HYOU1, XBP1, EXOSC8, WIPI1, EDEM1, DNAJB9, SRPRB, GOSR2, TSPYL2, SYVN1, HSPA5, DNAJC3, PARN"
REACTOME_G1_S_SPECIFIC_TRANSCRIPTION,0.0040835769900456655,0.14665448134802384,-0.7107207927842281,-1.7265659888320959,2485,18,"CCNA1, TYMS, E2F1, PCNA, DHFR, RRM2, CDC6, CDT1, FBXO5, CDK1, DHFRP1, ORC1, CDC25A, CDC45"
PID_AURORA_B_PATHWAY,0.004172629033849798,0.14665448134802384,-0.6000010030187656,-1.6896270384025058,2705,37,"VIM, DES, SEPT1, KIF20A, BIRC5, AURKB, NCAPH, STMN1, BUB1, KLHL13, INCENP, CDCA8, NCAPD2, RACGAP1, NCAPG, SMC2, AURKA"
REACTOME_E2F_MEDIATED_REGULATION_OF_DNA_REPLICATION,0.004275430340480291,0.14665448134802384,-0.6117220282904642,-1.6951723973165878,2750,34,"CCNA1, TYMS, E2F1, PCNA, DHFR, RRM2, CDC6, CCNB1, POLA2, CDT1, FBXO5, CDK1, DHFRP1, ORC1, ORC6, CDC25A, PPP2R1A, CDC45, PPP2R3B, MCM8, PRIM2, PRIM1, CCNE1, RB1"
KEGG_HEMATOPOIETIC_CELL_LINEAGE,0.004362719124769588,0.14665448134802384,-0.556297032000153,-1.654375569222269,2922,50,"TPO, CD22, HLA-DRB1, CD1D, CD19, IL7, ITGAM, IL7R, ITGA2B, CD8A, KIT, IL3RA, CD4, IL1R2, KITLG, IL11RA, MME, CD37, ITGA1, IL1R1, GP1BB, IL1B, HLA-DRB5"
REACTOME_S_PHASE,0.0045379734839446,0.1486648169488055,-0.4659663995097416,-1.550414355015863,3327,105,"CCNA1, POLE2, PSMB9, POLD1, CCNA2, PCNA, CCNE2, MCM5, LIG1, MCM6, CDK2, CDC6, POLA2, DNA2, CDT1, MCM2, MCM4, GINS2, ORC1, RFC2, MCM3, SKP2, RPA3, WEE1, ORC6, PSMA2, CDC25A, CDC25B, CDC45, RFC5, MCM7, MCM8, POLE, RFC3, GINS1, FEN1, POLD2, PRIM2, CDKN1B, PSME1, PRIM1, CCNE1, RPA1, RB1"
REACTOME_SIGNALING_BY_ILS,0.004684555747733012,0.1486648169488055,-0.47568247218286563,-1.5614938711214097,3390,95,"TMEM189-UBE2V1, IL7, LCK, IL7R, SYK, IL3RA, IL1R2, NOD2, PIK3R3, IL2RG, SOCS3, IL1RN, BLNK, JAK3, IL1R1, IL1B"
PID_PLK1_PATHWAY,0.004782473373769272,0.1486648169488055,-0.5735962728325953,-1.6603712436706657,3149,43,"SSPO, SPC24, KIF20A, PRC1, PLK1, BUB1, ECT2, INCENP, ERCC6L, CCNB1, FBXO5, CDK1, AURKA, CDC20, TPX2, CLSPN, BUB1B, WEE1, PPP2R1A, CDC25C, CDC25B, NINL"
REACTOME_NUCLEOTIDE_BINDING_DOMAIN_LEUCINE_RICH_REPEAT_CONTAINING_RECEPTOR_NLR_SIGNALING_PATHWAYS,0.0049416498748987925,0.1486648169488055,-0.5762221554171383,-1.6608265331428336,3246,42,"TMEM189-UBE2V1, PSTPIP1, PYCARD, NOD2"
REACTOME_HS_GAG_DEGRADATION,0.005056693534270509,0.1486648169488055,-0.6955670301919686,-1.710131939268254,3090,19,"SDC2, HSPG2, SDC1, GPC5, GPC1, AGRN, GPC4, HPSE, GPC6, SDC4, SGSH, NAGLU, GPC2, GUSB"
REACTOME_AMINO_ACID_TRANSPORT_ACROSS_THE_PLASMA_MEMBRANE,0.005102911336915521,0.1486648169488055,0.6367311877226908,1.7586690653603578,1943,22,"SLC6A15, SLC3A1, SLC43A1, SLC16A10, SLC7A5, SLC38A1, SLC7A7, SLC7A11, SLC7A2, SLC7A1, SLC1A5, SLC3A2, SLC38A2"
KEGG_DNA_REPLICATION,0.00538463565360394,0.15346211612771227,-0.5997000770837835,-1.6711454569319635,3473,35,"POLE2, POLD1, PCNA, MCM5, LIG1, MCM6, POLA2, DNA2, MCM2, MCM4, RFC2, MCM3, RNASEH2A, RPA3, RFC5, MCM7, POLE, RFC3, FEN1, POLD2, PRIM2, PRIM1, RPA1, RPA2, POLE4"
REACTOME_ACTIVATION_OF_THE_PRE_REPLICATIVE_COMPLEX,0.0056259167970643545,0.1555267196591781,-0.6267135711332281,-1.6833728712403888,3562,29,"POLE2, MCM5, MCM6, CDK2, CDC6, MCM10, POLA2, CDT1, MCM2, MCM4, ORC1, MCM3, RPA3, ORC6, CDC45, MCM7, MCM8, POLE, PRIM2, PRIM1, CDC7, RPA1, RPA2, DBF4"
KEGG_MELANOGENESIS,0.0056943421385511435,0.1555267196591781,-0.4808229327083776,-1.559206859079792,4073,87,"FZD8, WNT6, ADCY2, GNAO1, TCF7, KIT, WNT2B, KITLG, WNT10A, CAMK2B, FZD2, CALML3, PLCB1, EDNRB, ADCY5, WNT7A, FZD1, GNAI1, MAPK3, TCF7L1, CALM3, WNT11, WNT4, WNT5A, PRKACB, GNAI2, FZD4, CREB3L1, WNT3, CALML5, MC1R, WNT7B"
REACTOME_PEPTIDE_LIGAND_BINDING_RECEPTORS,0.006482275482173743,0.17343394198224032,-0.5153831960871689,-1.592420084832855,4459,63,"INSL3, SSTR2, CCR3, NTSR1, EDN2, F2RL2, KISS1, CCR9, NPW, RXFP4, F2R, SSTR1, NMU, CXCL12, CXCR4, OPRL1, TACR2, NPFFR1, EDNRB, XCL1, CCL2, NPY1R, NMB, SSTR5, C3, CCR7, BDKRB1, CXCL1, CXCR6, RLN2"
KEGG_GLYCOSPHINGOLIPID_BIOSYNTHESIS_LACTO_AND_NEOLACTO_SERIES,0.006723842306837555,0.17629914528528068,-0.6703635715734355,-1.6842144731194257,4144,21,"FUT9, ST8SIA1, FUT5, B3GNT3, ST3GAL6, FUT4"
REACTOME_CELL_JUNCTION_ORGANIZATION,0.007068273799824725,0.18169621473667086,-0.5231499725600401,-1.5951240625151044,4814,58,"CLDN16, ARHGEF6, CDH11, CDH18, CDH4, CDH6, CDH24, CLDN11, CDH13, CDH10, CLDN3, ITGB4, LAMA3, CLDN2, CDH3, ACTN1, CD151, COL17A1, LAMC2, CLDN9, CDH7, CLDN4"
REACTOME_G2_M_CHECKPOINTS,0.007528475819194563,0.189804457672386,-0.5671445759981466,-1.6277598213229598,4935,41,"MCM5, MCM6, CDK2, CDC6, MCM10, CCNB1, CCNB2, MCM2, MCM4, CDK1, ORC1, RFC2, MCM3, CHEK1, RPA3, WEE1, ORC6, CDC25A, CDC25C, CDC45, CHEK2, RFC5, MCM7, MCM8, RFC3, CDC7, RPA1, RPA2, DBF4"
REACTOME_CELL_CELL_JUNCTION_ORGANIZATION,0.00803240011373854,0.19868823677568348,-0.575511376516834,-1.6288980034076923,5225,38,"CLDN16, CDH11, CDH18, CDH4, CDH6, CDH24, CLDN11, CDH13, CDH10, CLDN3"
PID_A6B1_A6B4_INTEGRIN_PATHWAY,0.008990754832701089,0.20915874267950701,-0.5520127328699282,-1.6044807846044735,5936,44,"LAMC3, PMP22, ITGB4, LAMA3, MST1R, SFN, LAMC1, LAMA5, EGF, COL17A1, EGFR, LAMC2, CD9, CASP7, MST1, ERBB2, AKT1, LAMA1, LAMB1, ITGB1, LAMB2, YWHAH, YWHAQ"
KEGG_ECM_RECEPTOR_INTERACTION,0.008990992962112096,0.20915874267950701,-0.5097628666949704,-1.567096795586484,6163,61,"CHAD, SDC2, COL1A1, LAMC3, ITGA2B, COL4A1, COL5A3, FN1, HSPG2, COL6A1, ITGA1, SDC1, ITGB5, ITGB6, GP1BB, COL4A6, AGRN, ITGA7, COL5A1, ITGB4, COL4A4, LAMA3, ITGA2, LAMC1, THBS4, LAMA5, ITGA10, ITGA3, VWF, LAMC2, SDC4, THBS1"
REACTOME_SIGNALING_BY_RHO_GTPASES,0.009137307787233404,0.20915874267950701,-0.4491560973635637,-1.4944812796116926,6700,105,"STARD8, ARHGEF6, ARHGAP40, ARHGAP6, ARHGDIG, PRR5-ARHGAP8, ARHGAP20, FGD2, NGEF, RAC2, ARHGAP25, STARD13, RHOF, PLEKHG2, DLC1, ARHGAP31, FGD3, TAGAP, VAV3, DEPDC1B, SRGAP3, TIAM1, ARHGAP8, RHOB, ECT2, RHOD, RACGAP1, VAV1, RHOBTB2, RHOC, ITSN1, ARHGDIB, ARHGDIA"
REACTOME_CELL_CELL_COMMUNICATION,0.009222461842880487,0.20915874267950701,-0.4630118622907017,-1.5109466353472798,6636,91,"CLDN16, KIRREL2, ARHGEF6, CDH11, CDH18, CDH4, CDH6, KIRREL3, CDH24, NTN1, CLDN11, CDH13, CDH10, CLDN3, SIRPA, ITGB4, LAMA3, CLDN2, CDH3, ACTN1, CD151, COL17A1, LAMC2, ACTN4, CLDN9, CDH7, CLDN4, SKAP2, ILK, PTK2B, PIK3R2"
REACTOME_ADHERENS_JUNCTIONS_INTERACTIONS,0.009392555603009297,0.20915874267950701,-0.6821544672900666,-1.6571693333171922,5717,18,"CDH11, CDH18, CDH4, CDH6, CDH24, CDH13, CDH10"
REACTOME_DEGRADATION_OF_THE_EXTRACELLULAR_MATRIX,0.009412941127453023,0.20915874267950701,-0.7109958564461256,-1.6570498581015618,5647,15,"MMP10, MMP1, MMP13, MMP16, TIMP2, MMP15, MMP2, MMP17"
KEGG_PHENYLALANINE_METABOLISM,0.01066591147879972,0.22197971756749207,-0.7174622743214438,-1.6454321482191503,6364,14,"DDC, ALDH3A1, IL4I1, AOC2, ALDH3B1, ALDH1A3, ALDH3B2, MAOA, AOC3"
SA_REG_CASCADE_OF_CYCLIN_EXPR,0.010684992842750827,0.22197971756749207,-0.7415814800433134,-1.640887276539732,6299,12,"CDKN2A, CCNA1, E2F2, E2F1, CCNA2, CCNE2, CDK2"
KEGG_CELL_CYCLE,0.01085315641958057,0.22197971756749207,-0.4309934859278283,-1.4614354047153144,8123,122,"CDKN2A, CDKN2C, SMC1B, TGFB3, CCNA1, PTTG1, TGFB1, E2F2, ESPL1, E2F1, CCNA2, PCNA, CCNE2, PKMYT1, PLK1, MCM5, BUB1, MAD2L1, MCM6, CDK2, CDC6, CCNB1, CCNB2, MCM2, SFN, MCM4, CDK1, ORC1, MCM3, CDC20, CCND3, CHEK1, SKP2, BUB1B, WEE1, CDKN1C, ORC6, CDC25A, CDC25C, CDC25B, TTK, CDC45, CHEK2, SMC1A, MCM7, CDKN2D, ANAPC11, CDC14A"
KEGG_BIOSYNTHESIS_OF_UNSATURATED_FATTY_ACIDS,0.011003338955517129,0.22197971756749207,-0.6675911083444767,-1.6413499018725703,6725,19,"ACOT4, ACOT1, SCD, ELOVL2, TECR, FADS2, ELOVL6, ACOT7, FADS1"
BIOCARTA_TOLL_PATHWAY,0.011242938480150054,0.22197971756749207,0.5411902814213537,1.630826139564026,4051,32,"CD14, TLR4, LY96, FOS, TLR2, TLR6, JUN, MAPK8, EIF2AK2, IRAK1, NFKB1, CHUK, TAB1, ECSIT, IKBKB"
REACTOME_M_G1_TRANSITION,0.011296655928256426,0.22197971756749207,-0.4775938318131395,-1.518779979500212,7945,76,"POLE2, PSMB9, E2F2, E2F1, MCM5, MCM6, CDK2, CDC6, MCM10, POLA2, CDT1, MCM2, MCM4, ORC1, MCM3, RPA3, ORC6, GMNN, PSMA2, CDC45, MCM7, MCM8, POLE, PRIM2, PSME1, PRIM1, CDC7, RPA1, E2F3, RPA2, DBF4, PSMB8"
"NABA_SECRETED_FACTORS",0.011393429563776567,0.22197971756749207,-0.40142871327887364,-1.4143472521347757,8938,171,"PTN, FRZB, CCBE1, INSL3, TPO, ANGPTL4, CCL24, INHA, WNT6, HRNR, TNFSF10, NGF, CXCL14, IL7, SCUBE3, TNFSF15, CXCL12, WNT2B, BMP4, EBI3, TGFB3, PDGFB, KITLG, SFRP5, FLG, WNT10A, MEGF6, CRLF1, BDNF, NTF3, FGF18, BMP8B, CHRD, S100A1, NRG2, XCL1, IL1RN, PIK3IP1, WNT7A, ISM2, TGFB1, AMH, TNFSF9, IL1B, FST, IL15, CCL2, NRTN, INHBA, FGF9, TNFSF12, NODAL, VEGFB, PGF, FSTL1, EDA, S100A13, CCL26, 
WNT11, ISM1, WNT4, FGF12, EGF, WNT5A, S100A2, S100A4, CXCL1"
REACTOME_CHROMOSOME_MAINTENANCE,0.011446669213791984,0.22197971756749207,-0.46350177885831756,-1.5006668469722149,8178,86,"SMC1B, HIST1H4C, HIST1H4J, HSPA2, POLE2, SYNE1, HIST1H2BJ, LMNB1, POLD1, SUN2, STAG3, PCNA, LIG1, CENPI, OIP5, CENPO, POLA2, LMNA, DNA2, ITGB3BP, REC8, H2AFX, RFC2, HJURP, SYNE2, RPA3, RBBP4P1, HIST1H2BK, CENPA, CENPQ, RFC5, SMC1A, CENPH, TERF1, POLE, RFC3, FEN1, CENPK, POLD2, PRIM2, MIS18BP1, PRIM1, RPA1, CENPN, WRAP53, RPA2"
REACTOME_OTHER_SEMAPHORIN_INTERACTIONS,0.011513822116391655,0.22197971756749207,-0.7147082989935633,-1.6391161652022275,6870,14,"SEMA3E, SEMA5A, PLXNC1, SEMA6D, PLXND1, SEMA7A, ITGA1"
REACTOME_INTERFERON_GAMMA_SIGNALING,0.011760483465031288,0.22344918583559448,-0.5236233096994523,-1.5626098392678671,7896,51,"IRF8, HLA-DRB1, OASL, NCAM1, OAS2, OAS1, HLA-G, HLA-DPB1, CAMK2B, SOCS3, PTAFR, OAS3, GBP4, GBP1, HLA-DRB5, HLA-F"
REACTOME_ACTIVATION_OF_GENES_BY_ATF4,0.012024916067083334,0.22520949948494642,0.6042305768148918,1.6689014835126899,4580,22,"ATF3, DDIT3, HERPUD1, ASNS, ATF4, ATF6, EXOSC5, EXOSC8"
REACTOME_COLLAGEN_FORMATION,0.012216341457874293,0.2255721641024394,-0.5418638212650881,-1.5749819475578066,8066,44,"COL8A2, ADAMTS3, COL8A1, COL23A1, COL1A1, COL13A1, COL4A1, COL24A1, COL5A3, COL27A1, COL6A1, COL4A6, COL9A3, PLOD1, ADAMTS2, PCOLCE2, COL5A1, TLL1, COL4A4, COL15A1"
PID_INTEGRIN5_PATHWAY,0.012477356931837033,0.22719187413386596,-0.711454991050019,-1.6316550098635343,7445,14,"EDIL3, FN1, SDC1, ITGB5, PLAUR, ITGB6, PLAU, FBN1"
"NABA_COLLAGENS",0.013425018939958372,0.24109862781212912,-0.5869816406142622,-1.5977388331931088,8558,31,"COL8A2, COL8A1, COL23A1, COL1A1, COL13A1, COL4A1, COL24A1, COL5A3, COL27A1, COL6A1, COL4A6, COL18A1, COL9A3, COL5A1, COL4A4, COL15A1"
REACTOME_SEMAPHORIN_INTERACTIONS,0.013854835797774141,0.2454552666335392,-0.49460190979103597,-1.5243409217292534,9515,62,"MYL9, SEMA3E, SEMA5A, PLXNC1, SEMA6D, DPYSL5, RAC2, DPYSL3, PLXND1, DPYSL2, SEMA7A, ITGA1, RRAS, FES, RHOB, SEMA6A, RHOC, RND1, NRP1, PLXNB3, MYH10, ERBB2, CFL1, MYL6, CRMP1, CDK5R1, ROCK1P1, ITGB1, CDC42, RHOA"
PID_INTEGRIN3_PATHWAY,0.014795230754317556,0.25522151458686765,-0.5785720051319193,-1.5847382900979472,9462,32,"PDGFRB, EDIL3, COL1A1, ITGA2B, COL4A1, PDGFB, FN1, SDC1, PLAUR, COL4A6, PLAU, FBN1, COL4A4, LAMC1, L1CAM, CYR61, SDC4, HMGB1, THBS1"
REACTOME_PI3K_EVENTS_IN_ERBB4_SIGNALING,0.01498613286949033,0.25522151458686765,0.5114401543968025,1.5811930435775785,5289,36,"ERBB4, TRIB3, HBEGF, AKT3, NRG4, BTC, EREG, PDPK1, THEM4, MAPKAP1, TSC2, CREB1, FOXO3, CASP9"
PID_WNT_SIGNALING_PATHWAY,0.015134912039621763,0.25522151458686765,-0.6136110265722104,-1.5985534462498316,9460,25,"FZD8, FZD2, ROR2, CTHRC1, WNT7A, FZD1, LRP5, WNT5A, KREMEN1, DKK1, FZD4, IGFBP4, KREMEN2, WNT3, WNT7B"
REACTOME_A_TETRASACCHARIDE_LINKER_SEQUENCE_IS_REQUIRED_FOR_GAG_SYNTHESIS,0.015355960732937777,0.25522151458686765,-0.6319869380760048,-1.6037668260530347,9505,22,"CSPG4, SDC2, HSPG2, B3GAT2, SDC1, GPC5, GPC1, AGRN, GPC4, GPC6, SDC4"
PID_S1P_META_PATHWAY,0.015379481046805907,0.25522151458686765,-0.6547488840357039,-1.6097758090700143,9400,19,"S1PR1, GNAO1, GNA15, GNAI1, S1PR3, GNAI2, GNAZ, S1PR5"
REACTOME_LAGGING_STRAND_SYNTHESIS,0.01649846466940087,0.2686694054512497,-0.6517042640739978,-1.602290258988651,10084,19,"POLD1, PCNA, LIG1, POLA2, DNA2, RFC2, RPA3, RFC5, RFC3, FEN1, POLD2, PRIM2, PRIM1, RPA1, RPA2"
KEGG_CELL_ADHESION_MOLECULES_CAMS,0.016599711549619544,0.2686694054512497,-0.443526737557519,-1.4559382001115626,12015,95,"HLA-DMB, CLDN16, CNTN1, CD22, SDC2, CNTNAP2, HLA-DRB1, CDH4, NCAM1, ITGAM, SELL, CD8A, HLA-G, CD4, MPZ, HLA-DPB1, MAG, CLDN11, NRCAM, NRXN2, SDC1, CLDN3, HLA-DOB, ESAM, HLA-DRB5, HLA-F, ITGB2, HLA-DMA, NLGN2, PTPRF, CLDN2, JAM3, CDH3, L1CAM"
PID_SYNDECAN_1_PATHWAY,0.01698585336525458,0.2715665092908385,-0.5566424428348903,-1.5595706097899906,10989,36,"COL8A2, COL8A1, COL1A1, MMP1, COL13A1, COL4A1, COL6A1, SDC1, TGFB1, COL4A6, COL9A3, COL5A1, COL4A4, COL15A1, MAPK3, LAMA5, COL17A1, HPSE"
REACTOME_PERK_REGULATED_GENE_EXPRESSION,0.017375717208468595,0.2727459563885977,0.5656704557364646,1.6113308072478385,6513,25,"ATF3, DDIT3, HERPUD1, ASNS, ATF4, ATF6, EXOSC5, EXOSC8, HSPA5, PARN, EXOSC1, EXOSC2, DIS3, EIF2AK3, EXOSC3, EIF2S1"
REACTOME_CHONDROITIN_SULFATE_DERMATAN_SULFATE_METABOLISM,0.01747571345281633,0.2727459563885977,-0.5293474493130349,-1.5386018477988326,11539,44,"CSPG4, CHST9, SDC2, HSPG2, B3GAT2, SDC1, GPC5, GPC1, AGRN, CHST15, CHSY3, CSGALNACT1, GPC4, CHST14, GPC6, SDC4, ARSB, CHST12, CHST11"
REACTOME_ACTIVATION_OF_ATR_IN_RESPONSE_TO_REPLICATION_STRESS,0.01807433401170856,0.2787485061197411,-0.558356708981033,-1.5559365643215914,11660,35,"MCM5, MCM6, CDK2, CDC6, MCM10, MCM2, MCM4, ORC1, RFC2, MCM3, CHEK1, RPA3, ORC6, CDC25A, CDC25C, CDC45, RFC5, MCM7, MCM8, RFC3, CDC7, RPA1, RPA2, DBF4"
REACTOME_PHOSPHORYLATION_OF_CD3_AND_TCR_ZETA_CHAINS,0.01828556180495632,0.2787485061197411,-0.765970048269094,-1.5807262632360406,10552,9,"HLA-DRB1, LCK, CD4, HLA-DPB1, HLA-DRB5"
KEGG_ANTIGEN_PROCESSING_AND_PRESENTATION,0.01887254066092444,0.2843896644422062,-0.5034850572296824,-1.512309220397199,12727,53,"HLA-DMB, CD74, HLA-DRB1, CD8A, HLA-G, CD4, HLA-DPB1, HSPA2, HSPA1A, HLA-DOB, HLA-DRB5, IFI30, HLA-F, TAPBP, HLA-DMA, KLRC2, CALR"
REACTOME_CYCLIN_A_B1_ASSOCIATED_EVENTS_DURING_G2_M_TRANSITION,0.019674180242489896,0.2931005715670938,-0.6813302139663104,-1.5879109901095876,11804,15,"CCNA1, CCNA2, PKMYT1, PLK1, CCNB1, CCNB2, CDK1, WEE1, CDC25A, CDC25C, CDC25B"
WNT_SIGNALING,0.021558284599288966,0.31689459645683743,-0.45285947835994456,-1.4512180528612668,15268,80,"FRZB, FZD8, WNT6, NKD1, FOXN1, TCF7, WNT2B, WNT10A, FZD2, RHOU, PYGO1, WNT7A, FZD1, LRP5, TCF7L1, WNT11, WNT4, WNT5A, KREMEN1, DKK1, SLC9A3R1, CCND3, TLE2, B2M, FZD4, ACTB, TLE1, CTNNBIP1, WNT3, PPP2R1A, WNT7B"
KEGG_REGULATION_OF_ACTIN_CYTOSKELETON,0.021919300541763775,0.31689459645683743,-0.38764470575235743,-1.364975085493447,17182,170,"MYL9, ARHGEF6, PDGFRB, F2R, PFN4, ITGAM, ITGA2B, IQGAP2, PDGFB, RAC2, FN1, APC2, PIK3R5, SCIN, FGFR3, PIK3R3, FGF18, FGD3, ITGA1, ITGB5, RRAS, ITGB6, VAV3, GSN, FGFR4, TIAM1, ITGA7, FGF9, ITGB2, ITGB4, MAPK3, IQGAP3, MYL5, VAV1, ITGA2, FGF12, DIAPH3, ACTN1, EGF, BDKRB1, ITGA10, ITGA3, BDKRB2, ACTB, SSH3, PAK4, EGFR, ACTN4, DOCK1"
BIOCARTA_ARENRF2_PATHWAY,0.021996497542007786,0.31689459645683743,0.7039818769598638,1.6312894691061064,9118,11,"FOS, MAFF, JUN, MAFG, MAPK8, CREB1"
KEGG_TAURINE_AND_HYPOTAURINE_METABOLISM,0.022423298474622363,0.31953200326336867,-0.7968815682211836,-1.546306904457512,12697,7,"GGT6, GGT5, GGT1, GGT7"
PID_INTEGRIN_CS_PATHWAY,0.02311589716855104,0.32585958266634857,-0.6297377060034643,-1.56551230422995,14188,20,"ITGAM, ITGA2B, ITGA1, ITGB5, ITGB6, ITGA7, ITGB2, ITGB4, ITGA2, ITGA10, ITGA3"
"NABA_ECM_REGULATORS",0.02405334849698881,0.33546744552715246,-0.3922395177468766,-1.3674904353077217,18611,155,"SERPINF1, SERPINB9, TGM2, SULF2, ADAMTS3, MMP10, HTRA1, ADAM21, MMP1, CPAMD8, HMSD, MMP13, SULF1, LOXL4, PRSS12, MMP16, CST6, ADAMTS1, SERPINI1, SERPINB1, SERPINE1, CTSH, SERPINF2, CST4, CTSL, ADAMTSL3, ADAMTS7, TIMP2, F10, EGLN3, LOXL3, MMP15, ADAMTSL2, PLAU, PLOD1, ADAM19, ADAMTS2, MMP2, TLL1, ADAMTS13, TGM5, ADAMTS10, KAZALD1, CD109, ST14, ADAMTS6, MMP17, CTSV, ADAMTSL5, PI3, TLL2, F12, P3H3, 
HPSE, PLOD2, HYAL2"
PID_S1P_S1P1_PATHWAY,0.024786141616865896,0.3420487543127494,-0.6341215007812888,-1.5590610031696157,15150,19,"S1PR1, PDGFRB, GNAO1, PDGFB, GNAI1, PTGS2, MAPK3, GNAI2, GNAZ"
REACTOME_BINDING_AND_ENTRY_OF_HIV_VIRION,0.025714559365802084,0.3507344575645434,-0.8745782375656495,-1.4854183491284547,13960,4,"CXCR4, CD4"
REACTOME_CHOLESTEROL_BIOSYNTHESIS,0.02595060441171679,0.3507344575645434,-0.6245894526771021,-1.5527138742631907,15928,20,"HMGCS1, TM7SF2, MVD, MSMO1, EBP, FDPS, LSS, MVK, FDFT1, IDI1, NSDHL, DHCR24, SQLE, HSD17B7, PMVK"
REACTOME_GABA_B_RECEPTOR_ACTIVATION,0.026897154861830662,0.35954941637185,-0.5730105904756464,-1.5278877492589193,16976,28,"ADCY2, GNB3, KCNJ4, ADCY5, GNAI1, KCNJ12, GNAL, GNAI2, KCNJ15, GABBR1, ADCY1, KCNJ2, ADCY7, ADCY6, GABBR2, GNB2, KCNJ16, GNG7"
KEGG_TOLL_LIKE_RECEPTOR_SIGNALING_PATHWAY,0.027151328925105377,0.35954941637185,0.400197620869015,1.4125237905224717,8199,71,"TICAM2, CD14, TLR4, LY96, CXCL10, IL6, AKT3, CD40, FOS, IRF7, TLR2, TLR6, JUN"
KEGG_GLYCOSPHINGOLIPID_BIOSYNTHESIS_GLOBO_SERIES,0.027650935634198615,0.36196150056281917,-0.6768688457290868,-1.5523349432469804,16500,14,"FUT9, ST8SIA1, A4GALT, FUT2, NAGA"
REACTOME_MITOTIC_PROMETAPHASE,0.02788566861696776,0.36196150056281917,-0.44723290380521924,-1.4276299445659932,19678,78,"SPC25, SPC24, BIRC5, AURKB, PLK1, CENPM, BUB1, MAD2L1, CENPI, INCENP, ERCC6L, CDCA8, CENPO, ZWINT, ITGB3BP, SKA2, KNTC1, CDC20, BUB1B, KIF18A, CENPA, CENPQ, PPP2R1A, SMC1A, CENPH, NUF2, CENPK, KIF2C, RANGAP1, DSN1, PPP2R5D, CENPN, NDC80, NUP107, PMF1, RAD21, NUP85, MAPRE1, NSL1, PPP2R1B"
REACTOME_UNWINDING_OF_DNA,0.028500029038087724,0.3639185469603973,-0.7138092590568775,-1.5465935427716506,16684,11,"MCM5, MCM6, MCM2, MCM4, GINS2, MCM3, CDC45, MCM7, MCM8, GINS1"
"NABA_BASEMENT_MEMBRANES",0.028591617343189112,0.3639185469603973,-0.5606276920890034,-1.5160534664859604,18167,30,"NTNG2, LAMC3, NPNT, HMCN1, COL4A1, NID1, NTN1, HSPG2, COL6A1, COL4A6, COL18A1, AGRN, NTN4, COL4A4, COL15A1, LAMA3, LAMC1, LAMA5"
REACTOME_TRANSLATION,0.02935519470282201,0.3700448101480736,0.3234395498712996,1.2894097337332588,6516,161,"RPS17, RPL17P36, GSPT2, RPSAP9, RPL21P16, EIF4EBP1, RPL3L, SEC61A1, SRPRB, EIF5, RPL21P75, RPS12, EIF2S2, SEC11C, PABPC1, EEF1B2, EIF3J, EIF2S3, SRP72, RPL26, EIF3C, RPS18, EIF1AX, RPL10P9, RPL21, EIF3D, SRP19, RPL4, EIF3G, EEF1A1, RPS27AP11, RPS23, EIF2B2, RPSAP12, RPL26L1, RPL12, ETF1, RPLP1, EIF2S1, RPLP0, RPL14, RPL10, EIF3K, RPS24, EIF3A, RPN2, RPL23AP2, RPL37A, SEC61A2, RPS3A, EEF2, RPS6, 
RPL5P1, RPS27, RPL19, RPS7, SSR3, RPL5, RPL36A, SSR1, RPS8, RPS27A, RPL3, RPL37, RPL7, RPL13A, RPS15A, RPL6, RPL11, EIF2B1, RPL30, RPS4X, RPL22, EIF2B3, SEC61B, RPL13, EEF1DP1, RPS19, RPS13, RPL10A, RPS16, RPL23AP42, RPL36, FAU, RPL17, RPS14, RPL24, RPS5, EIF3E, RPL10P16, EIF5B, RPL27A, RPL32"
REACTOME_FORMATION_OF_TUBULIN_FOLDING_INTERMEDIATES_BY_CCT_TRIC,0.02985807680935642,0.37279941616253587,-0.6335469135240298,-1.5390861845127282,18176,18,"TUBB4A, TUBB2B, TUBA1B, TUBA4A, TUBB4B"
REACTOME_G_ALPHA_S_SIGNALLING_EVENTS,0.03082619859236536,0.380643975249411,-0.4772484422834082,-1.4511104245688644,20961,57,"INSL3, HTR6, RAMP1, GIPR, ADCY2, PTH2R, PDE7B, GNB3, PDE4D, ADRB1, ADCY5, PDE2A, DRD1, ADRB2, HTR7, GNAI1, VIPR1, ADM, PTGER4, GNAI2, RLN2, GNAZ"
BIOCARTA_MCM_PATHWAY,0.031067052137061006,0.380643975249411,-0.6315822023181865,-1.5343132784991058,18912,18,"KITLG, MCM5, MCM6, CDK2, CDC6, CDT1, MCM2, MCM4, ORC1, MCM3, ORC6, MCM7, CDKN1B, CCNE1"
PID_CDC42_REG_PATHWAY,0.03182440444704801,0.38631290953777725,-0.5607068193927862,-1.506076606540644,20154,29,"ARHGEF6, DOCK10, NGEF, VAV3, MCF2L, RACGAP1, ARHGEF25, ITSN1, ARHGDIA"
PID_AVB3_INTEGRIN_PATHWAY,0.03309814861189571,0.39519506611572375,-0.4654195613525373,-1.4344022315698095,22732,62,"COL8A2, COL8A1, EDIL3, COL1A1, COL13A1, COL4A1, FN1, COL6A1, SDC1, VAV3, COL4A6, COL9A3, COL5A1, COL4A4, COL15A1, MAPK3, COL17A1, CSF1, AKT1, MFGE8, VCL, ILK, PTK2B, FGF2, COL3A1, COL7A1, RHOA, CDKN1B, COL9A2, CSF1R, F11R, PXN"
BIOCARTA_ACTINY_PATHWAY,0.033159006310243794,0.39519506611572375,0.5821114106575545,1.5520232605206834,12889,19,"ACTA1, WASF3, NCK1, NCKAP1, WASF1, ARPC1B, WASL"
PID_ATR_PATHWAY,0.03419078587295966,0.4003135113268608,-0.518398685779084,-1.4743602937067097,22301,39,"PPP2R2B, SSPO, CCNA2, PLK1, CDK2, CDC6, TIMELESS, MCM2, RFC2, CLSPN, CHEK1, CDC25A, PPP2R1A, CDC25C, RAD51, RFC5, MCM7, RFC3, FANCD2"
PID_SYNDECAN_4_PATHWAY,0.034309700808440556,0.4003135113268608,-0.5726542262166817,-1.5042252146466066,21520,26,"TFPI, CXCL12, CXCR4, FN1, LAMA3, ACTN1, GIPC1, SDC4, THBS1, FGFR1, LAMA1, FGF2, ITGB1, RHOA, DNM2, ITGA5"
REACTOME_KERATAN_SULFATE_DEGRADATION,0.03477714778667513,0.4003135113268608,0.8200084958663663,1.5361580677723978,15560,5,"FMOD, HEXA"
PID_S1P_S1P4_PATHWAY,0.03480987055016181,0.4003135113268608,-0.6771199737653824,-1.5262270288387374,20651,13,"GNAO1, GNAI1, MAPK3, GNAI2, GNAZ, S1PR5, CDC42, RHOA"
BIOCARTA_CELLCYCLE_PATHWAY,0.03573032731066259,0.40687032102443776,-0.5878689175117102,-1.5058499125390048,22193,23,"CDKN2A, CDKN2C, CCNA1, E2F1, CDK2, CCNB1, CDK1, CCND3, CDC25A, CDKN2D, CDKN1B, CCNE1, RB1"
BIOCARTA_CXCR4_PATHWAY,0.03600073015929427,0.40687032102443776,-0.5940349022063749,-1.5074575316011811,22285,22,"CXCL12, CXCR4, PIK3C2G, GNAI1, MAPK3"
REACTOME_AMINO_ACID_AND_OLIGOPEPTIDE_SLC_TRANSPORTERS,0.037463750638044864,0.4157112799781853,0.4819317793921031,1.4715260346339372,13357,34,"SLC6A15, SLC3A1, SLC43A1, SLC1A2, SLC15A1, SLC16A10, SLC1A6, SLC7A5, SLC38A1, SLC7A7, SLC15A2, SLC7A11, SLC1A1, SLC7A2, SLC7A1, SLC1A5, SLC3A2, SLC38A2"
PID_S1P_S1P3_PATHWAY,0.037791021056813666,0.4157112799781853,-0.5628130401539516,-1.4898771508038358,23779,27,"S1PR1, PDGFRB, GNAO1, CXCR4, PDGFB, GNA15, GNAI1, MAPK3, S1PR3, GNAI2, GNAZ"
REACTOME_NFKB_AND_MAP_KINASES_ACTIVATION_MEDIATED_BY_TLR4_SIGNALING_REPERTOIRE,0.03826944176068908,0.4157112799781853,0.3938160065648895,1.3793563560985622,11684,68,"TICAM2, CD14, TLR4, MEF2C, LY96, RPS6KA2"
REACTOME_AMINO_ACID_SYNTHESIS_AND_INTERCONVERSION_TRANSAMINATION,0.038432209852066496,0.4157112799781853,0.6164635449179876,1.5482881952745,15371,15,"GPT2, ASNS, PSPH, PSAT1, GOT1, PYCR1, GLS2, GPT, GLUD1, PHGDH"
KEGG_STEROID_BIOSYNTHESIS,0.03863839006708054,0.4157112799781853,-0.6490959701685222,-1.512785729354733,23183,15,"CEL, TM7SF2, MSMO1, EBP, LSS, FDFT1, NSDHL, DHCR24, SQLE, HSD17B7"
PID_INTEGRIN4_PATHWAY,0.0386855653374055,0.4157112799781853,-0.6983502030512941,-1.513098773836921,22647,11,"ITGB4, LAMA3, LAMC1, LAMA5, LAMC2, LAMA1, LAMB1, LAMB2"
REACTOME_ION_TRANSPORT_BY_P_TYPE_ATPASES,0.04022294678872338,0.4287177499188321,-0.5548418611308523,-1.4794422589888896,25387,28,"ATP8A2, ATP2B3, ATP1B2, ATP10B, ATP2A3"
REACTOME_PROCESSIVE_SYNTHESIS_ON_THE_LAGGING_STRAND,0.04123994833548602,0.436012679579211,-0.6457837490039733,-1.5050662531285977,24744,15,"POLD1, PCNA, LIG1, POLA2, DNA2, RPA3, FEN1, POLD2, PRIM2, PRIM1, RPA1, RPA2"
KEGG_CHEMOKINE_SIGNALING_PATHWAY,0.04329209197786538,0.45228264942555924,-0.39320055874087917,-1.335944827417388,32474,124,"CCR3, CCL24, CCR9, CXCL14, ADCY2, CXCL12, CXCR4, RAC2, SHC3, SHC4, GNB3, PIK3R5, PLCB1, PIK3R3, ADCY5, XCL1, JAK3, VAV3, CCL2, TIAM1, GNAI1, MAPK3, CCL26, VAV1, CCR7, PRKACB, CXCL1, CXCR6, ARRB1, GNAI2"
PID_TOLL_ENDOGENOUS_PATHWAY,0.043608403348035764,0.45228264942555924,0.5345923533798946,1.492650371119932,16520,23,"CD14, TLR4, LY96, BGN, HSPD1, TLR2, TLR6"
PID_ERBB_NETWORK_PATHWAY,0.04439280727902173,0.45228264942555924,0.6208016856021318,1.5318694308265093,17900,14,"ERBB4, AREG, HBEGF, NRG4, BTC"
REACTOME_SLC_MEDIATED_TRANSMEMBRANE_TRANSPORT,0.04451159789627113,0.45228264942555924,0.3104145765282996,1.2469603044217195,9588,171,"SLC2A10, SLC44A4, SLC6A15, SLC3A1, SLCO1B3, SLC22A3, SLC43A1, SLC16A1, SLC9A3, RHCG, SLC6A11, SLC47A2, SLC6A9, SLC1A2, SLC26A3, SLC15A1, SLC9A9, HEPH, SLC16A10, SLC1A6, SLC7A5, SLCO2A1, SLC9A4, SLC8A2, SLC38A1, SLC7A7, SLC15A2, SLC4A5, SLC7A11, SLC1A1, SLC7A2, SLC7A1, SLC1A5, SLC13A3, SLCO3A1, SLC3A2, SLC30A1, SLC30A3, SLC38A2"
KEGG_DILATED_CARDIOMYOPATHY,0.04479055370725874,0.45228264942555924,-0.44906682510901846,-1.3944946567136545,30937,65,"DES, CACNA2D3, CACNG8, ADCY2, ITGA2B, TGFB3, ADRB1, CACNA1C, CACNG4, ITGA1, ADCY5, ITGB5, TGFB1, ITGB6, ITGA7, ITGB4, LMNA, ITGA2, DMD, PRKACB, ITGA10, ITGA3, ACTB, TPM4, CACNB3, DAG1, ACTG1, ADCY1, TPM1, CACNA2D1, ITGB1"
REACTOME_STEROID_HORMONES,0.044848775305356754,0.45228264942555924,-0.6521308911787799,-1.4956007745594957,26763,14,"CYP24A1, STAR, STARD4, STARD5, CUBN"
BIOCARTA_TNFR2_PATHWAY,0.04539144202324903,0.45426091978991967,-0.6406048419925828,-1.49299627121444,27235,15,"TNFRSF1B, TRAF1"
KEGG_GLYOXYLATE_AND_DICARBOXYLATE_METABOLISM,0.046731359162386764,0.4578414505432826,0.6177839883213868,1.5244230621663182,18843,14,"MTHFD1L, GLYCTK, MTHFD2, MTHFD2L"
REACTOME_SMOOTH_MUSCLE_CONTRACTION,0.046937212863705974,0.4578414505432826,-0.5947841493155923,-1.4786186300068571,28810,20,"MYL9, SORBS3, ACTA2, ITGA1, ITGB5, CALM3, CALD1, TPM4, MYL6, VCL, TPM1, MYL6B, CALM2"
REACTOME_PI3K_EVENTS_IN_ERBB2_SIGNALING,0.04733563892760706,0.4578414505432826,0.442178509252555,1.4120710003227657,16232,42,"ERBB4, TRIB3, HBEGF, AKT3, NRG4, BTC, EREG, PDPK1, THEM4, MAPKAP1, TSC2, CREB1, FOXO3, CASP9"
REACTOME_GLYCOLYSIS,0.04757121031372303,0.4578414505432826,-0.5736238620462242,-1.4693606291497565,29548,23,"PFKFB1, ALDOC, ENO2, PGAM1, PPP2R1A, ALDOA, TPI1P1, PPP2R5D, GAPDH, TPI1, PFKFB4, PPP2R1B, PFKP, PGK1, PFKL, ENO3, ENO1, PFKFB3, PFKM"
REACTOME_TRANSPORT_OF_INORGANIC_CATIONS_ANIONS_AND_AMINO_ACIDS_OLIGOPEPTIDES,0.04788047821761185,0.4578414505432826,0.3873172012574923,1.3529701037036608,14677,67,"SLC6A15, SLC3A1, SLC43A1, SLC9A3, SLC1A2, SLC26A3, SLC15A1, SLC9A9, SLC16A10, SLC1A6, SLC7A5, SLC9A4, SLC8A2, SLC38A1, SLC7A7, SLC15A2, SLC4A5, SLC7A11, SLC1A1, SLC7A2, SLC7A1, SLC1A5, SLC3A2, SLC38A2, SLC4A3"
REACTOME_REPAIR_SYNTHESIS_FOR_GAP_FILLING_BY_DNA_POL_IN_TC_NER,0.04806279230713803,0.4578414505432826,-0.6484442243079687,-1.487145751339293,28681,14,"POLE2, POLD1, PCNA, RFC2, RPA3, RFC5, POLE, RFC3, POLD2, RPA1, RPA2"
REACTOME_NRAGE_SIGNALS_DEATH_THROUGH_JNK,0.04819383689929291,0.4578414505432826,-0.49707722669687326,-1.4266597477156495,31597,41,"ARHGEF6, NGF, FGD2, NGFR, NGEF, PLEKHG2, FGD3, VAV3, TIAM1, ECT2, VAV1, ITSN1, MAGED1, BCL2L11"
KEGG_PATHWAYS_IN_CANCER,0.0488555235749681,0.4599641468817428,-0.3390302404345428,-1.251019355228722,41161,282,"CEBPA, RET, FZD8, CDKN2A, WNT6, TRAF1, PDGFRB, GLI2, MMP1, LAMC3, ITGA2B, PAX8, TCF7, KIT, WNT2B, BMP4, COL4A1, MAPK10, TGFB3, CCNA1, PDGFB, RAC2, KITLG, WNT10A, FN1, APC2, PIK3R5, FZD2, FGFR3, PIK3R3, FGF18, PTCH1, EGLN3, WNT7A, EPAS1, TGFB1, COL4A6, E2F2, MECOM, FZD1, FGF9, E2F1, BIRC5, CCNE2, MMP2, PTGS2, PIAS3, COL4A4, VEGFB, CDK2, MAPK3, PGF, TCF7L1, LAMA3, AR, ITGA2, WNT11, WNT4, 
LAMC1, FGF12, GLI3, LAMA5, EGF, WNT5A"
REACTOME_GLYCOSAMINOGLYCAN_METABOLISM,0.04934846703042531,0.4599641468817428,-0.4160660962712153,-1.3536009699876193,35416,89,"CHST6, CSPG4, B3GNT3, CHST9, SDC2, ST3GAL6, HSPG2, B3GAT2, SDC1, B3GNT7, GPC5, HS3ST3A1, GPC1, AGRN, CHST15, CHSY3, CSGALNACT1, CHST2, HS6ST1, GPC4, HPSE, HYAL2, GLCE, ST3GAL3, NDST1, CHST14, GPC6, B4GALT2, SDC4, ARSB, CHST12, CHST11"
BIOCARTA_DC_PATHWAY,0.04946982815432932,0.4599641468817428,0.7700911837427153,1.515503339110019,21768,6,"TLR4, CD7, CD40, TLR2"
REACTOME_IONOTROPIC_ACTIVITY_OF_KAINATE_RECEPTORS,0.05021490907421338,0.4636038436358715,-0.756824892268904,-1.4685790248519004,28435,7,"GRIK2, NCALD, CALM3"
PID_AR_TF_PATHWAY,0.051393677277519256,0.4711686077680262,-0.4758558363782961,-1.4048702265775581,34270,48,"CEBPA, NR0B1, HOXB13"
REACTOME_O_LINKED_GLYCOSYLATION_OF_MUCINS,0.05292744057877489,0.481860240269263,-0.49564648277959383,-1.4162582107736739,34610,40,"B3GNT3, B3GNT8, GALNT9, GCNT3, GCNT1, MUC5B, B3GNT7, GALNT6, MUC4, MUC21, GALNT2, MUC16, GALNT1, ST6GALNAC2, ST6GALNAC4, MUCL1, ST3GAL3"
REACTOME_MHC_CLASS_II_ANTIGEN_PRESENTATION,0.05337664178863546,0.4825984647234558,-0.41824794404013643,-1.3494862409455541,38025,84,"HLA-DMB, CD74, HLA-DRB1, HLA-DPB1, CTSH, DNM1, HLA-DOB, HLA-DRB5, KIF20A, AP1S1, HLA-DMA, KIF4A, KIF26A, RACGAP1, KIF22, KIF11, KIF18A, DCTN3, AP2A1, CTSS, KIF23"
REACTOME_METABOLISM_OF_POLYAMINES,0.05437443117143346,0.4882525977106114,0.6082293827815151,1.500846437795624,21925,14,"AGMAT, SMOX, GOT1, ODC1, MTAP, SMS, ADI1, SRM"
PID_CXCR4_PATHWAY,0.05575543361353753,0.4916384403990838,-0.41774219128720375,-1.345533932020754,39656,83,"HLA-DRB1, LCK, GNAO1, CXCL12, CXCR4, CD4, PIK3R5, DNM1, PLCB1, PIK3R3, ITGA1, ITGA7, GNAI1, RHOB, VAV1, ITGA2, RHOC, ITGA10, GNAI2, ITGA3, GNAZ, BAD, AKT1, CFL1, PLCB3, PTK2B, PIK3R2, ITGB1, CDC42, RHOA, PTPN6, PXN, LIMK1, STAT3, FOXO1, ITGA5"
REACTOME_POL_SWITCHING,0.05577973300970874,0.4916384403990838,-0.6512637955816412,-1.4679472563679141,33092,13,"POLD1, PCNA, POLA2, RFC2, RFC5, RFC3, POLD2, PRIM2, PRIM1"
REACTOME_CELL_DEATH_SIGNALLING_VIA_NRAGE_NRIF_AND_NADE,0.056048205906402165,0.4916384403990838,-0.4552392301203799,-1.3802559250027782,38042,56,"ARHGEF6, NGF, FGD2, NGFR, NGEF, PLEKHG2, FGD3, VAV3, TIAM1, APH1B, ECT2, ITGB3BP, VAV1, ITSN1, MAGED1, BCL2L11"
BIOCARTA_PLATELETAPP_PATHWAY,0.05625153780309883,0.4916384403990838,-0.7100817732248774,-1.4653900769595816,32463,9,"COL4A1, SERPINE1, COL4A6, PLAU, COL4A4"
KEGG_OOCYTE_MEIOSIS,0.058484895711935166,0.505916083342728,-0.4037439904783066,-1.3273248555833976,42404,96,"ADCY2, SMC1B, CAMK2B, CALML3, ADCY5, PTTG1, ESPL1, STAG3, CCNE2, PKMYT1, PLK1, BUB1, MAD2L1, CDK2, MAPK3, PPP3CC, CALM3, CCNB1, FBXO43, AR, CCNB2, REC8, FBXO5, CDK1, PRKACB, AURKA, CDC20, RPS6KA6, PPP2R1A, CDC25C, CALML5, SMC1A, ANAPC11, ADCY1, RPS6KA1, ADCY7, CCNE1, RBX1, PPP1CA, CALM2, PPP2R5D, MAPK12, ADCY6, IGF1R, YWHAH, YWHAQ, PRKACA"
REACTOME_CASPASE_MEDIATED_CLEAVAGE_OF_CYTOSKELETAL_PROTEINS,0.05865693719915687,0.505916083342728,-0.6747954042328479,-1.462063151516713,34339,11,"VIM, MAPT, GSN"
REACTOME_HEPARAN_SULFATE_HEPARIN_HS_GAG_METABOLISM,0.06011341294000653,0.5150894402898598,-0.4812544197825065,-1.3930721612786556,39593,43,"CSPG4, SDC2, HSPG2, B3GAT2, SDC1, GPC5, HS3ST3A1, GPC1, AGRN, HS6ST1, GPC4, HPSE, GLCE, NDST1, GPC6, SDC4, SGSH, NAGLU, GPC2, GUSB"
KEGG_INTESTINAL_IMMUNE_NETWORK_FOR_IGA_PRODUCTION,0.06073641321301337,0.5170482968977956,-0.549034548563468,-1.4303215420022577,37966,25,"HLA-DMB, CCR9, HLA-DRB1, CXCL12, CXCR4, HLA-DPB1, HLA-DOB, TGFB1, IL15, HLA-DRB5, HLA-DMA"
BIOCARTA_SODD_PATHWAY,0.06152425310419634,0.5203761020619446,-0.7045551123341288,-1.4539847510754333,35506,9,TNFRSF1B
REACTOME_GAP_JUNCTION_DEGRADATION,0.0625223465991914,0.5254281819970508,-0.6860150282522027,-1.4528356416893522,36371,10,"GJA1, DAB2, DNM1"
REACTOME_ACTIVATION_OF_CHAPERONES_BY_ATF6_ALPHA,0.06339159506568315,0.5290848137408672,0.6420405487973335,1.4877570293644196,26279,11,"DDIT3, ATF4, ATF6, XBP1, HSPA5"
REACTOME_AMINE_LIGAND_BINDING_RECEPTORS,0.06382820927723841,0.5290848137408672,-0.6429737010890125,-1.449261400424369,37867,13,"HTR6, ADRA2A, HTR1D, ADRA1D, ADRB1, DRD1, ADRB2, HTR7"
BIOCARTA_HER2_PATHWAY,0.06416818107154683,0.5290848137408672,0.5276186208607847,1.440970774753961,24610,21,"ERBB4, IL6, GRIP1, SOS1"
PID_ATF2_PATHWAY,0.06580501406324198,0.5372810549393261,0.40417181013429093,1.3416551767423548,21617,51,"HRK, ATF3, DDIT3, BCL2, NOS2, GADD45A, IL6, JDP2, FOS"
REACTOME_GAP_JUNCTION_TRAFFICKING,0.06598188393991725,0.5372810549393261,-0.5761101492231078,-1.4321955293487953,40500,20,"GJB2, GJA1, DAB2, DNM1, GJC2, GJB7, GJB6, CLTCL1"
BIOCARTA_ACE2_PATHWAY,0.06709846444945783,0.5418687417097241,-0.6988987317550105,-1.4423117237077503,38723,9,"COL4A1, ACE2, REN, COL4A6, COL4A4, ACE"
KEGG_GLIOMA,0.06737193356116325,0.5418687417097241,-0.442113556068927,-1.3517820334221442,45992,59,"CDKN2A, PDGFRB, PDGFB, SHC3, SHC4, CAMK2B, PIK3R5, CALML3, PIK3R3, E2F2, E2F1, MAPK3, CALM3"
PID_INTEGRIN1_PATHWAY,0.06841095719047009,0.5438795417769932,-0.4562596657974602,-1.3615815603117445,45936,51,"TGM2, CSPG4, COL1A1, NPNT, COL4A1, NID1, FN1, COL6A1, ITGA1, PLAUR, COL4A6, COL18A1, ITGA7, PLAU, FBN1, COL5A1, COL4A4, LAMA3, ITGA2, LAMC1, LAMA5, ITGA10, ITGA3"
BIOCARTA_NKT_PATHWAY,0.06845165857605177,0.5438795417769932,-0.638658589769535,-1.4395351483813057,40610,13,"CCR3, CXCR4, CD4, TGFB3, TGFB1, CCR7, IL4R, IFNGR2"
REACTOME_AXON_GUIDANCE,0.0699282240915242,0.5489129773522777,-0.34624647256510654,-1.2440854683607854,56428,208,"MYL9, CNTN1, SEMA3E, SLIT1, SEMA5A, ROBO2, PLXNC1, COL1A1, NCAM1, ITGA2B, SEMA6D, COL4A1, DPYSL5, RAC2, UNC5A, DPYSL3, NTN1, PLXND1, DNM1, DPYSL2, SCN1B, SEMA7A, NRCAM, SPTBN4, COL6A1, ITGA1, ANK1, RRAS, GPC1, EVL, FES, NRTN, AGRN, COL9A3, SRGAP3, ST8SIA2, NTN4, COL5A1, RHOB, COL4A4, SCN5A, MAPK3, RPS6KA5, SEMA6A, KIF4A, ITGA2, LAMC1, RHOC, CDK1, CACNA1G, L1CAM, RND1, PSPN, NRP1, CACNA1H, 
PAK4, RPS6KA6, EGFR, DOCK1, AP2A1, PLXNB3, SPTBN5, MYH10, ERBB2, FGFR1, CFL1, MYL6, CRMP1, CACNB3, MSN, ROBO1, LAMA1, LAMB1, RPS6KA1, CDK5R1, ARTN, CNTN6, COL3A1, ROCK1P1, ITGB1"
KEGG_FOCAL_ADHESION,0.07037141393442622,0.5489129773522777,-0.35952242702265225,-1.2620798394683317,54945,165,"MYL9, CHAD, PDGFRB, COL1A1, LAMC3, ITGA2B, COL4A1, MAPK10, PDGFB, RAC2, COL5A3, SHC3, SHC4, FN1, PIK3R5, PIK3R3, COL6A1, ITGA1, ITGB5, ITGB6, VAV3, COL4A6, ITGA7, COL5A1, ITGB4, COL4A4, VEGFB, MAPK3, PGF, LAMA3, MYL5, FLNB, VAV1, ITGA2, LAMC1, THBS4, ACTN1, LAMA5, FLT4, EGF, FLNA, ITGA10, CCND3, ITGA3, ACTB, VWF, PAK4, EGFR, LAMC2, ACTN4, DOCK1, BAD, THBS1, CAV1, ERBB2, AKT1, LAMA1, 
CAV2, VCL, ACTG1, LAMB1, ILK, PIK3R2"
KEGG_TYROSINE_METABOLISM,0.07099423829065606,0.5489129773522777,-0.5205697855748017,-1.3982672387953745,44961,29,"TPO, DDC, ALDH3A1, IL4I1, AOC2, ALDH3B1, ALDH1A3, ALDH3B2, MAOA, AOC3"
REACTOME_SEMA4D_INDUCED_CELL_MIGRATION_AND_GROWTH_CONE_COLLAPSE,0.07108464084639242,0.5489129773522777,-0.545491968533359,-1.4094249675234203,44303,24,"MYL9, RAC2, RHOB, RHOC, RND1, MYH10, ERBB2, MYL6, ROCK1P1, CDC42, RHOA, MYH9, LIMK1"
REACTOME_CELL_CYCLE_CHECKPOINTS,0.07117864694880795,0.5489129773522777,-0.3870749088184082,-1.2939823830679138,52443,109,"PSMB9, CCNE2, MCM5, MAD2L1, MCM6, CDK2, CDC6, MCM10, CCNB1, CCNB2, MCM2, UBE2C, MCM4, CDK1, ORC1, RFC2, MCM3, CDC20, CHEK1, BUB1B, RPA3, WEE1, ORC6, PSMA2, CDC25A, CDC25C, CDC45, CHEK2, RFC5, MCM7, MCM8, ANAPC11, RFC3, CDKN1B, PSME1, CCNE1, CDC7, RPA1"
PID_NETRIN_PATHWAY,0.07246325132827351,0.5555515935167636,0.46629287010352266,1.384718773726428,26417,30,"DAPK1, FYN, ELMO1, UNC5B, MAP1B, UNC5C"
REACTOME_IL_7_SIGNALING,0.07334153854616464,0.5590160292675689,-0.6759259610664441,-1.4314691179322663,42665,10,"IL7, IL7R, PIK3R3, IL2RG, JAK3"
REACTOME_SEROTONIN_RECEPTORS,0.07503103576572694,0.5604294715795878,-0.8209274243032225,-1.3942956810324618,40735,4,"HTR6, HTR1D, HTR7"
PID_ERBB4_PATHWAY,0.07514520915472912,0.5604294715795878,0.44341916567197703,1.3624213938444014,26663,35,"ERBB4, FYN, HBEGF, STAT5A, NRG4, CBFA2T3, BTC, JAK2, ADAM17, NEDD4, EREG"
BIOCARTA_NO1_PATHWAY,0.07527254588667105,0.5604294715795878,0.49036098682923224,1.3968093202281404,28218,25,"ACTA1, RYR2, NOS3, PRKG2, VEGFA, PDE3B, SLC7A1, TNNI1, CHRM1"
REACTOME_ION_CHANNEL_TRANSPORT,0.07550824040264482,0.5604294715795878,-0.4873463917756599,-1.3723871068033897,48967,37,"ATP8A2, ATP2B3, ATP1B2, ATP10B, GABRB1, ATP2A3, GLRA3, ATP8B3, ATP2A1, GABRA3, ATP8B4, ATP10A, ATP1B1"
REACTOME_EXTENSION_OF_TELOMERES,0.07671990464839094,0.5604294715795878,-0.5257199435808814,-1.3916844063328468,48275,27,"POLE2, POLD1, PCNA, LIG1, POLA2, DNA2, RFC2, RPA3, RFC5, POLE, RFC3, FEN1, POLD2, PRIM2, PRIM1, RPA1, WRAP53, RPA2"
BIOCARTA_G1_PATHWAY,0.07677025010218923,0.5604294715795878,-0.5210328280070764,-1.3892931266993327,48455,28,"CDKN2A, TGFB3, CCNA1, TGFB1, E2F1, DHFR, CDK2, CDK1, SKP2, CDC25A, CDKN1B, CCNE1, HDAC1, RB1"
KEGG_ALANINE_ASPARTATE_AND_GLUTAMATE_METABOLISM,0.07680169188221897,0.5604294715795878,0.47264644122577304,1.382077766252617,28325,28,"CPS1, GPT2, ACY3, ASNS, GOT1, GFPT1, ASS1, GLS2, GFPT2, ADSL, ADSS"
KEGG_PANCREATIC_CANCER,0.07740029158681197,0.5604294715795878,-0.4240658663780234,-1.323192808981661,53672,67,"ARHGEF6, CDKN2A, MAPK10, TGFB3, RAC2, PIK3R5, PIK3R3, TGFB1, E2F2, E2F1, VEGFB, MAPK3, PGF, EGF, EGFR, BAD, RAD51, ERBB2, AKT1"
REACTOME_LIPID_DIGESTION_MOBILIZATION_AND_TRANSPORT,0.07817354997410668,0.5604294715795878,0.4767214019171527,1.382224103780548,28982,27,"MTTP, LPL, PLIN1, ABCA1, ABHD5"
REACTOME_XENOBIOTICS,0.07835587428406411,0.5604294715795878,0.8092034953165274,1.430467037676768,35815,4,"CYP3A5, CYP2C18, CYP1A1, CYP1A2"
KEGG_PRIMARY_IMMUNODEFICIENCY,0.07859352467220256,0.5604294715795878,-0.5583633362135197,-1.4028262453205822,48449,21,"CD19, LCK, IL7R, CD8A, CD4, IL2RG, BLNK, JAK3, ADA"
KEGG_ARACHIDONIC_ACID_METABOLISM,0.0792060079535215,0.5604294715795878,-0.487973583613297,-1.3671779239135937,51246,36,"PTGDS, ALOX15, PTGES, GGT6, PTGIS, ALOX5, GGT5, GGT1, JMJD7-PLA2G4B, GGT7, ALOX12, PTGS2"
REACTOME_REGULATION_OF_RHEB_GTPASE_ACTIVITY_BY_AMPK,0.07943095371533024,0.5604294715795878,0.663684885200915,1.456803390287092,33589,9,"PRKAA2, PRKAB2, TSC1, TSC2, PRKAB1, PRKAA1"
REACTOME_SHC1_EVENTS_IN_ERBB4_SIGNALING,0.07951173280991863,0.5604294715795878,0.5217968983525205,1.4085575108058428,30705,20,"ERBB4, HBEGF, NRG4, BTC, SOS1, EREG"
REACTOME_LATENT_INFECTION_OF_HOMO_SAPIENS_WITH_MYCOBACTERIUM_TUBERCULOSIS,0.08075755110894203,0.5639435500765709,0.4696026641134607,1.3731773783401517,29784,28,"CAMP, ATP6V0A4, NOS3, NOS2, NCF2, ATP6V1G2, ATP6V1E2, NOS1, ATP6V0A2"
BIOCARTA_SRCRPTP_PATHWAY,0.08087062350449682,0.5639435500765709,-0.6693617476822578,-1.417567493665379,47045,10,"CCNB1, CDK1, CDC25A, CDC25C, CDC25B"
REACTOME_G0_AND_EARLY_G1,0.0813548824963057,0.564318788109295,-0.5376149230297521,-1.3890725054460198,50704,24,"CCNA1, E2F1, CCNA2, PCNA, CCNE2, CDK2, CDC6, CDK1, MYBL2, RBBP4P1, CDC25A"
BIOCARTA_VITCB_PATHWAY,0.08285423186085437,0.5674648714280591,-0.68501918103385,-1.4136686058777075,47816,9,"SLC2A3, COL4A1, COL4A6, COL4A4"
BIOCARTA_RELA_PATHWAY,0.0844642997783032,0.5674648714280591,-0.6134680110931161,-1.4069311007486176,50404,14,TNFRSF1B
REACTOME_REVERSIBLE_HYDRATION_OF_CARBON_DIOXIDE,0.08453445864979882,0.5674648714280591,-0.7493670769638423,-1.40074521465346,47335,6,"CA14, CA2"
KEGG_BASAL_CELL_CARCINOMA,0.08523449962141277,0.5674648714280591,-0.44993591327793125,-1.3330935091443217,56959,49,"FZD8, WNT6, GLI2, TCF7, WNT2B, BMP4, WNT10A, APC2, FZD2, PTCH1, WNT7A, FZD1, TCF7L1, WNT11, WNT4, GLI3, WNT5A, FZD4, AXIN2, WNT3, WNT7B"
REACTOME_PKB_MEDIATED_EVENTS,0.08540749611600207,0.5674648714280591,0.4715466050625712,1.3672201016195262,31664,27,"PRKAA2, EIF4EBP1, PRKAB2, PDE3B, TSC1, TSC2, PRKAB1"
REACTOME_ACYL_CHAIN_REMODELLING_OF_PC,0.08542810716220157,0.5674648714280591,-0.6023703505466312,-1.4038868086898857,51258,15,"PLA2G4D, PLA2G4F, LPCAT2, PLBD1, LPCAT3, LPCAT4"
PID_ARF6_TRAFFICKING_PATHWAY,0.08648595884351874,0.5674648714280591,-0.46836568123183564,-1.344254833529838,56703,41,"EDNRB, ITGA1, CPE, ADRB2, ITGA7, BIN1, SLC2A4, ITGA2, ITGA10, ITGA3, PLD2, ITGB1, DNM2, ITGA5, PLD1, ACAP1, CTNND1, ITGAV, CTNNB1"
REACTOME_TANDEM_PORE_DOMAIN_POTASSIUM_CHANNELS,0.08649196467351962,0.5674648714280591,-0.7768137809631586,-1.390568514842069,47791,5,"KCNK2, KCNK3, KCNK6, KCNK7, KCNK1"
REACTOME_RESPIRATORY_ELECTRON_TRANSPORT_ATP_SYNTHESIS_BY_CHEMIOSMOTIC_COUPLING_AND_HEAT_PRODUCTION_BY_UNCOUPLING_PROTEINS_,0.08655820108118124,0.5674648714280591,-0.4219438518826803,-1.3102692383048598,59787,65,"UCP2, ETFB, NDUFA3, UQCRHL, COX8A, NDUFB6, NDUFA4, NDUFS5, NDUFA1, NDUFA2, SDHA, NDUFB3, SDHC, NDUFB1, NDUFC2, COX7B, UQCRC1, COX6B1, NDUFA6, NDUFC1, UQCRQ, NDUFA7, NDUFS8, COX7C, NDUFB4, NDUFS6, NDUFA13, NDUFAB1, UQCR11, NDUFB8, UQCRH, NDUFB5, NDUFA11, NDUFA12, CYC1, NDUFV2, SDHD, COX6A1, NDUFA9, NDUFS7, NDUFS2"
REACTOME_MITOTIC_G2_G2_M_PHASES,0.08658305302575797,0.5674648714280591,-0.40806892430918174,-1.2976861743462775,60901,76,"TUBB4A, CCNA1, E2F1, CCNA2, PKMYT1, PLK4, TUBB, PLK1, CDK2, CCNB1, CCNB2, TUBA4A, CEP41, TUBB4B, CDK1, NEK2, TUBGCP6, WEE1, DCTN3, CDC25A, TUBG2, PPP2R1A, CDC25C, CDC25B, NINL, CENPJ"
REACTOME_ACTIVATION_OF_CHAPERONE_GENES_BY_ATF6_ALPHA,0.08689401087298378,0.5674648714280591,0.656827787906523,1.4417519060530122,36745,9,"DDIT3, ATF4, ATF6, XBP1, HSPA5"
REACTOME_BIOLOGICAL_OXIDATIONS,0.08700262330819213,0.5674648714280591,-0.40360052093728793,-1.2933644764366938,61620,80,"NNMT, CYP4F8, CYP24A1, GSTM4, CYP4B1, MAT1A, PTGIS, GGT5, GGT1, GGT7, CYP4F12, SULT1A3, SULT4A1, MAOA, CYP2S1, CYP7B1, PTGS2, CYP2W1, CYP26B1, GSTO1, CYP27A1, CYP39A1, UGT1A6, PAOX, UGT1A1, SULT2B1, TBXAS1, CYP2U1"
REACTOME_TRAF6_MEDIATED_INDUCTION_OF_NFKB_AND_MAP_KINASES_UPON_TLR7_8_OR_9_ACTIVATION,0.08886598618852336,0.5719569854062785,-0.4140064936073387,-1.3004180281467588,61909,70,"TMEM189-UBE2V1, MAPK10, NOD2"
REACTOME_DIABETES_PATHWAYS,0.08967615039795078,0.5719569854062785,0.3224330255459191,1.2209110896436015,23525,110,"ERN1, ATF3, DDIT3, KLF4, HERPUD1, ASNS, ATF4, ATF6, IGFBP3, EXOSC5, HYOU1, XBP1, EXOSC8, PAPPA, WIPI1, RAB27A, EDEM1, PAPPA2, DNAJB9, SRPRB, GOSR2, TSPYL2, SYVN1, HSPA5, DNAJC3, PARN, SEC11C, KIF5B, STX1A"
KEGG_ERBB_SIGNALING_PATHWAY,0.08978464480667563,0.5719569854062785,0.3462921706103801,1.2499665969683795,26102,81,"ERBB4, AREG, HBEGF, PRKCG, EIF4EBP1, STAT5A, AKT3, SHC2, NRG4, MYC, CBLB, BTC, CBLC, SOS1, JUN, SOS2"
REACTOME_HS_GAG_BIOSYNTHESIS,0.09003964882018056,0.5719569854062785,-0.5210044373270349,-1.3685536152378854,56477,26,"SDC2, HSPG2, SDC1, GPC5, HS3ST3A1, GPC1, AGRN, HS6ST1, GPC4, GLCE, NDST1, GPC6, SDC4"
REACTOME_GENERATION_OF_SECOND_MESSENGER_MOLECULES,0.09065167960873483,0.5719569854062785,-0.579438040069377,-1.3897969838353943,54937,17,"HLA-DRB1, LCK, CD4, HLA-DPB1, EVL, HLA-DRB5, LAT"
REACTOME_IMMUNOREGULATORY_INTERACTIONS_BETWEEN_A_LYMPHOID_AND_A_NON_LYMPHOID_CELL,0.09069363148744945,0.5719569854062785,-0.5066431321096706,-1.3608597982831538,57437,29,"IFITM1, RAET1E, CD19, SELL, CD8A, HLA-G, CD96, HLA-F, ITGB2, C3"
REACTOME_RNA_POL_II_PRE_TRANSCRIPTION_EVENTS,0.09096056204264023,0.5719569854062785,0.3898812907841716,1.2942175554543836,29881,51,"TCEA1, TAF4B, GTF2H3, GTF2H1, TAF1, CTDP1, TAF12, NCBP2, ELL, TBP, GTF2A1, CDK7, ERCC3, SUPT4H1, TAF13, MNAT1, CCNT1, POLR2D, NCBP1, POLR2G, SUPT16H, GTF2B, POLR2B, GTF2H2, TAF11"
KEGG_ARRHYTHMOGENIC_RIGHT_VENTRICULAR_CARDIOMYOPATHY_ARVC,0.09118154839810237,0.5719569854062785,-0.4316435311396204,-1.3124452009472682,62003,57,"DES, CACNA2D3, GJA1, CACNG8, ITGA2B, TCF7, CACNA1C, CACNG4, ITGA1, ITGB5, ITGB6, ITGA7, ITGB4, TCF7L1, LMNA, ITGA2, DMD, ACTN1, ITGA10, ITGA3, ACTB, ACTN4"
REACTOME_PHASE_II_CONJUGATION,0.09162289039650051,0.5719886157610103,-0.45527862070819214,-1.3287565515175521,60678,45,"NNMT, GSTM4, MAT1A, GGT5, GGT1, GGT7, SULT1A3, SULT4A1"
REACTOME_PREFOLDIN_MEDIATED_TRANSFER_OF_SUBSTRATE_TO_CCT_TRIC,0.09269691315139661,0.5759509627558339,-0.529551929434315,-1.3682395965455554,57773,24,"TUBB4A, TUBB2B, TUBA4A, TUBB4B, ACTB"
KEGG_B_CELL_RECEPTOR_SIGNALING_PATHWAY,0.09440827213483277,0.5838171923054989,-0.4222400782066336,-1.3013249994858735,64842,62,"IFITM1, CD22, CD19, SYK, RAC2, PIK3R5, PIK3R3, BLNK, VAV3, NFATC4, MAPK3, PPP3CC, NFATC2, VAV1"
REACTOME_METABOLISM_OF_CARBOHYDRATES,0.09488987965791311,0.5840405269085638,-0.3421981378436994,-1.2200087083707012,75703,192,"PFKFB1, CHST6, CSPG4, SLC2A3, B3GNT3, CHST9, SDC2, ST3GAL6, GYG2, HSPG2, SLC2A5, B3GAT2, SDC1, B3GNT7, GPC5, GALK1, HS3ST3A1, ALDOC, PC, GPC1, AGRN, CHST15, G6PD, CHSY3, CSGALNACT1, AGL, SLC2A4, ENO2, CALM3, PGM1, GALE, CHST2, HS6ST1, PYGL, GPC4, PRKACB, SLC25A10, SLC25A1, HPSE, TKT, HYAL2, GALT, GLCE, ST3GAL3, NDST1, PGAM1, GYS1, CHST14, GPC6, B4GALT2, SDC4, PPP2R1A, ARSB, CHST12, CHST11, 
ALDOA"
BIOCARTA_VEGF_PATHWAY,0.09629907845846356,0.5890969931670831,0.4696641531603747,1.3498271197668381,35894,26,"NOS3, VEGFA, EIF1, EIF2S2, HIF1A, VHL, EIF2S3, EIF1AX, EIF2B2, EIF2S1"
REACTOME_NONSENSE_MEDIATED_DECAY_ENHANCED_BY_THE_EXON_JUNCTION_COMPLEX,0.09661010948201591,0.5890969931670831,0.31472272105454285,1.2054192603010576,24557,119,"RPS17, RPL17P36, GSPT2, RPSAP9, RPL21P16, RPL3L, RPL21P75, UPF3B, RPS12, PABPC1, SMG1, NCBP2, RPL26, RPS18, RPL10P9, RPL21, UPF2, RPL4, RPS27AP11, RPS23, SMG5, RPSAP12, RPL26L1, RPL12, ETF1, RPLP1, SMG9, RPLP0, RPL14, RPL10, NCBP1, RPS24, PPP2R2A, RPL23AP2, RPL37A, SMG7, RPS3A, RPS6, RPL5P1, MAGOH, SMG8, RPS27, UPF3A, RPL19, RPS7, RPL5, RPL36A, RPS8, RPS27A, RPL3, RPL37, RPL7, RPL13A, RPS15A, 
RPL6, RPL11, RPL30, RPS4X, SMG6, RPL22, RPL13, RPS19, RPS13, RPL10A, RPS16, RPL23AP42, RPL36, FAU, RPL17, RPS14"
PID_DELTA_NP63_PATHWAY,0.09772164550348682,0.5906126390372782,-0.4541651183504098,-1.320076806276412,64529,44,"CDKN2A, RRAD, AXL, POU2F2, FASN, ADA, COL5A1, HELLS, TCF7L1, TOP2A, CCNB2, SFN, ITGA3, BDKRB2"
REACTOME_P130CAS_LINKAGE_TO_MAPK_SIGNALING_FOR_INTEGRINS,0.09778184218487858,0.5906126390372782,-0.6560477334430408,-1.3893712098755395,56883,10,"ITGA2B, FN1"
REACTOME_NA_CL_DEPENDENT_NEUROTRANSMITTER_TRANSPORTERS,0.09821018711680142,0.5906126390372782,0.7221881798090167,1.421232473597585,43216,6,"SLC6A15, SLC6A11, SLC6A9, SLC18A2"
PID_LYMPH_ANGIOGENESIS_PATHWAY,0.09872607875998345,0.5910040605220928,-0.5312012700462967,-1.3606934508897388,61323,23,"COL1A1, FN1, ITGA1, MAPK3, ITGA2, FLT4, AKT1, RPS6KA1, ITGB1, VEGFC, ITGA5"
REACTOME_ZINC_TRANSPORTERS,0.09956175836030205,0.5928323396000553,-0.6134065068137846,-1.38261700531247,59067,13,"SLC30A2, SLC39A2"
REACTOME_ACYL_CHAIN_REMODELLING_OF_PG,0.1011034062122047,0.5928323396000553,-0.6708796136213344,-1.38448889368104,58348,9,"PLA2G4D, PLA2G4F"
BIOCARTA_IL17_PATHWAY,0.10123244534530186,0.5928323396000553,-0.7657598291145851,-1.3707809186614914,55936,5,"CD8A, CD4, KITLG"
REACTOME_TRAFFICKING_OF_AMPA_RECEPTORS,0.10183974506389828,0.5928323396000553,-0.5628864577098661,-1.367429549442046,61997,18,"CACNG8, AKAP5, CAMK2B, CACNG4"
BIOCARTA_CCR3_PATHWAY,0.10211052744372771,0.5928323396000553,-0.5552374375052858,-1.3651154159696024,62416,19,"CCR3, PIK3C2G, PLCB1, MAPK3"
REACTOME_VOLTAGE_GATED_POTASSIUM_CHANNELS,0.10265194704154315,0.5928323396000553,0.4656399527942182,1.3382614621515787,38262,26,"KCNH8, KCNQ5, KCNH4, KCNA7, KCNB1, KCNF1, KCNQ1, KCNQ2, KCNG1, KCNC3"
REACTOME_NEUROTRANSMITTER_RECEPTOR_BINDING_AND_DOWNSTREAM_TRANSMISSION_IN_THE_POSTSYNAPTIC_CELL,0.1030367286592483,0.5928323396000553,-0.38668981842686817,-1.261884905463383,74150,91,"GRIK2, CACNG8, GABRB1, ADCY2, NCALD, GRIN2D, AKAP5, GNB3, CAMK2B, PLCB1, CHRNB4, CACNG4, KCNJ4, ADCY5, RRAS, GRIN2A, GNAI1, CALM3, KCNJ12, GNAL, GABRA3, PRKACB, GNAI2, KCNJ15, GABBR1, RPS6KA6, AP2A1, PLCB3, ADCY1, RPS6KA1, GNB5, CHRNA7, KCNJ2, ADCY7, AP2S1, CHRNA5, CALM2, ADCY6, GABBR2, GNB2, KCNJ16, GNG7"
PID_ALK1_PATHWAY,0.10332880948816153,0.5928323396000553,-0.5281764276381313,-1.3529451952155656,64182,23,"TGFB3, TGFB1, SMAD7, INHBA, MAPK3, ID1, ENG"
REACTOME_TRANSPORT_OF_ORGANIC_ANIONS,0.104193652481786,0.5928323396000553,0.7173245457439907,1.4116610698192258,45849,6,"SLCO1B3, SLCO2A1, SLCO3A1"
PID_THROMBIN_PAR1_PATHWAY,0.10477010213413462,0.5928323396000553,-0.46608659805263036,-1.3191876997774794,68164,38,"F2RL2, F2R, GNAO1, DNM1, PLCB1, GNA15, GNAI1, ARHGDIA, ARRB1, GNAI2, GNAZ"
BIOCARTA_EIF_PATHWAY,0.10482818068626908,0.5928323396000553,0.538746590726416,1.3752674337083075,41590,16,"EIF4G3, EIF1, EIF5, EIF2S2, EIF2S3, EIF1AX, EIF2S1, EIF3A, EIF6, EEF2"
REACTOME_REGULATION_OF_MITOTIC_CELL_CYCLE,0.10593920334833677,0.5928323396000553,-0.3993859968365407,-1.2700738905803113,74516,76,"CCNA1, PTTG1, PSMB9, CCNA2, AURKB, PLK1, MAD2L1, CDK2, CCNB1, UBE2C, FBXO5, CDK1, AURKA, CDC20, SKP2, BUB1B, PSMA2"
KEGG_PATHOGENIC_ESCHERICHIA_COLI_INFECTION,0.10640343896204119,0.5928323396000553,0.38675030532614313,1.2739548786422403,35296,49,"CD14, TLR4, FYN, LY96, ARHGEF2, HCLS1"
REACTOME_AMINE_COMPOUND_SLC_TRANSPORTERS,0.10661827980782942,0.5928323396000553,0.573014349902787,1.3870517571023075,43363,13,"SLC44A4, SLC6A15, RHCG, SLC6A11, SLC6A9"
REACTOME_INHIBITION_OF_REPLICATION_INITIATION_OF_DAMAGED_DNA_BY_RB1_E2F1,0.10759787792650082,0.5928323396000553,-0.6203279744198673,-1.372591290235259,63440,12,"E2F1, POLA2, PPP2R1A, PPP2R3B, PRIM2, PRIM1, RB1, PPP2R1B, TFDP1"
REACTOME_NFKB_IS_ACTIVATED_AND_SIGNALS_SURVIVAL,0.10780987909906771,0.5928323396000553,-0.6337752486396109,-1.3731857561074534,63115,11,"NGF, NGFR"
REACTOME_ORC1_REMOVAL_FROM_CHROMATIN,0.10911680333218277,0.5928323396000553,-0.41271232551343884,-1.2784458867764514,75237,64,"CCNA1, PSMB9, CCNA2, MCM5, MCM6, CDK2, CDC6, CDT1, MCM2, MCM4, ORC1, MCM3, ORC6, PSMA2, MCM7, MCM8, CDKN1B, PSME1, RB1"
REACTOME_ADENYLATE_CYCLASE_INHIBITORY_PATHWAY,0.10973487649505098,0.5928323396000553,-0.6189235949774575,-1.369483838902535,64700,12,"ADCY2, ADCY5, GNAI1, GNAL, GNAI2, ADCY1, ADCY7, ADCY6"
REACTOME_GPVI_MEDIATED_ACTIVATION_CASCADE,0.10982739132444914,0.5928323396000553,-0.508335597978578,-1.335275614804435,68889,26,"COL1A1, LCK, SYK, RAC2, PIK3R5, PIK3R3, VAV3, LAT, RHOB, VAV1"
REACTOME_MUSCLE_CONTRACTION,0.1100938169369347,0.5928323396000553,-0.4792888775962305,-1.320558898434814,70620,33,"MYL9, VIM, DES, SORBS3, ACTA2, ITGA1, ITGB5, TNNT1, CALM3, DMD"
PID_P38_ALPHA_BETA_DOWNSTREAM_PATHWAY,0.11041051899469642,0.5928323396000553,0.4124179284121219,1.289834755925902,38575,38,"MEF2C, DDIT3, NOS2, CEBPB, EIF4EBP1, ATF6, PLA2G4A, TP53, JUN"
BIOCARTA_CDK5_PATHWAY,0.11058728678357059,0.5928323396000553,-0.6318127001803707,-1.368933549042435,64741,11,"NGF, NGFR, MAPK3"
REACTOME_RESPIRATORY_ELECTRON_TRANSPORT,0.11067586342923608,0.5928323396000553,-0.4120418069277787,-1.2763688426106927,76312,64,"ETFB, NDUFA3, UQCRHL, COX8A, NDUFB6, NDUFA4, NDUFS5, NDUFA1, NDUFA2, SDHA, NDUFB3, SDHC, NDUFB1, NDUFC2, COX7B, UQCRC1, COX6B1, NDUFA6, NDUFC1, UQCRQ, NDUFA7, NDUFS8, COX7C, NDUFB4, NDUFS6, NDUFA13, NDUFAB1, UQCR11, NDUFB8, UQCRH, NDUFB5, NDUFA11, NDUFA12, CYC1, NDUFV2, SDHD, COX6A1, NDUFA9, NDUFS7, NDUFS2, COX6C, ETFDH, NDUFB2"
REACTOME_REMOVAL_OF_THE_FLAP_INTERMEDIATE_FROM_THE_C_STRAND,0.11184988586044721,0.5928323396000553,-0.6460182914082703,-1.3681309596561009,65067,10,"POLD1, PCNA, DNA2, RPA3, FEN1, POLD2, RPA1, RPA2, POLD4"
PID_INTEGRIN_A4B1_PATHWAY,0.11205864466037423,0.5928323396000553,0.4449265105112789,1.3113773606220043,41089,29,"CD14, JAM2, ADAM28"
REACTOME_APOBEC3G_MEDIATED_RESISTANCE_TO_HIV1_INFECTION,0.11215781099040827,0.5928323396000553,-0.72876778627232075,-1.3622402432603857,62803,6,APOBEC3G
BIOCARTA_FIBRINOLYSIS_PATHWAY,0.11230997538728826,0.5928323396000553,-0.7581093052662764,-1.3570857733818649,62057,5,"F2R, SERPINE1, PLAU"
KEGG_JAK_STAT_SIGNALING_PATHWAY,0.11263241364447661,0.5928323396000553,-0.37974236824839447,-1.246557136957203,81530,95,"TPO, IL13RA2, IL7, IL7R, IL3RA, PRLR, STAT4, IL11RA, PIK3R5, PIK3R3, SOCS2, IL2RG, IL20RA, SOCS3, JAK3, CNTFR, IL15, PIM1, IL21R, PIAS3, IL22RA1, OSMR, IFNAR2, CISH"
BIOCARTA_TID_PATHWAY,0.11323622107010498,0.5928323396000553,-0.563725571240248,-1.3521102248081192,68624,17,"TNFRSF1B, USH1C, LIN7A"
BIOCARTA_D4GDI_PATHWAY,0.11354077828407125,0.5928323396000553,0.5817007288561549,1.3790292147863548,46595,12,"PRF1, JUN, CASP10, CASP8, CASP9, CASP1, CYCS, ARHGAP5"
BIOCARTA_AMI_PATHWAY,0.11373411667333772,0.5928323396000553,-0.6160759415668221,-1.3631828748476698,67058,12,"F2R, TFPI, COL4A1, F10, COL4A6, PROC, COL4A4"
BIOCARTA_EDG1_PATHWAY,0.11388680261426883,0.5928323396000553,-0.5340191448047688,-1.3416641517259476,70206,21,"S1PR1, PLCB1, GNAI1, MAPK3, SMPD1, AKT1, ADCY1, RHOA"
BIOCARTA_TPO_PATHWAY,0.11395404239451865,0.5928323396000553,0.49649810254501736,1.3402650219821024,44006,20,"STAT5A, FOS, JAK2, SOS1, JUN"
REACTOME_MEIOTIC_SYNAPSIS,0.11862377338351177,0.6135276381590179,-0.4534368071468524,-1.2956484581255419,77571,40,"SMC1B, HIST1H4C, HIST1H4J, HSPA2, SYNE1, HIST1H2BJ, LMNB1, SUN2, STAG3, LMNA, REC8, H2AFX, SYNE2, HIST1H2BK"
SA_G1_AND_S_PHASES,0.11933588153381337,0.6135276381590179,-0.5886229087110834,-1.3499511986013488,71214,14,"CDKN2A, E2F2, E2F1, CDK2"
PID_NFKAPPAB_ATYPICAL_PATHWAY,0.11960385060904173,0.6135276381590179,-0.5597000105009506,-1.3424548142433386,72483,17,"LCK, SYK, SSPO"
BIOCARTA_HIF_PATHWAY,0.1202060306367656,0.6135276381590179,0.5501443052302695,1.3575176473758022,48471,14,"NOS3, VEGFA, JUN, HIF1A, VHL, CREB1, EDN1"
REACTOME_ACYL_CHAIN_REMODELLING_OF_PI,0.1206105468167909,0.6135276381590179,-0.6569346549127411,-1.3557107939103925,69606,9,"PLA2G4D, PLA2G4F"
PID_RHOA_REG_PATHWAY,0.12073999286424608,0.6135276381590179,-0.44488982886680417,-1.287808713965599,79525,43,"ARHGAP6, ARHGDIG, NGEF, DLC1, PLEKHG6, VAV3, ARHGAP8, MCF2L, ECT2, VAV1, ARHGEF25, ARHGDIB, ARHGDIA"
KEGG_AUTOIMMUNE_THYROID_DISEASE,0.12140041054380762,0.6145016919804316,-0.5360149303076147,-1.332519810466794,74517,20,"TPO, HLA-DMB, HLA-DRB1, HLA-G, HLA-DPB1, HLA-DOB, HLA-DRB5, HLA-F, HLA-DMA"
BIOCARTA_P27_PATHWAY,0.12216154261057173,0.6157869165248958,-0.5978419972788784,-1.3475346328184294,72475,13,"E2F1, CDK2, SKP2, CDKN1B, CCNE1, RBX1, RB1, CKS1B, UBE2M, TFDP1, NEDD8"
PID_SHP2_PATHWAY,0.12277975566980408,0.6157869165248958,-0.4350373205881491,-1.2797036167356408,81698,47,"SDC2, NGF, PDGFRB, LCK, PDGFB, BDNF, NTF3, IL2RG, JAK3, GNAI1"
REACTOME_NETRIN1_SIGNALING,0.1232629165620577,0.6157869165248958,0.4306497576063886,1.2884229611069178,44677,31,"SLIT3, SLIT2, FYN, RGMA, UNC5B, UNC5C, SIAH1, SIAH2, ABLIM1"
BIOCARTA_BARR_MAPK_PATHWAY,0.12353314953931928,0.6157869165248958,-0.6230230329514659,-1.34988918613056,72320,11,"DNM1, PLCB1, MAPK3, ARRB1, ADCY1"
BIOCARTA_BARRESTIN_SRC_PATHWAY,0.12576018069039913,0.620666990222053,-0.5955939025158825,-1.342467431844287,74610,13,"DNM1, PLCB1, MAPK3, ARRB1, ADCY1"
REACTOME_CYTOCHROME_P450_ARRANGED_BY_SUBSTRATE_TYPE,0.12581605306915666,0.620666990222053,-0.4992945900075913,-1.3115270567162016,78918,26,"CYP4F8, CYP24A1, CYP4B1, PTGIS, CYP4F12, CYP2S1, CYP7B1, CYP2W1, CYP26B1, CYP27A1, CYP39A1, TBXAS1, CYP2U1"
PID_UPA_UPAR_PATHWAY,0.1259324327986774,0.620666990222053,-0.4992266990442777,-1.3113487234494803,78991,26,"PDGFRB, MMP13, ITGAM, SERPINE1, FN1, ITGB5, PLAUR, TGFB1, PLAU, ITGB2, LRP1, ITGA3, EGFR, DOCK1"
REACTOME_G2_M_DNA_DAMAGE_CHECKPOINT,0.1271706848811863,0.6221391950547595,-0.6525990581790242,-1.3467634576023035,73392,9,"CCNB1, CDK1, CHEK1, WEE1, CDC25C, CHEK2"
REACTOME_P75NTR_RECRUITS_SIGNALLING_COMPLEXES,0.12718024734910416,0.6221391950547595,-0.6072402313837676,-1.3436322188392162,74986,12,"NGF, NGFR"
REACTOME_GABA_RECEPTOR_ACTIVATION,0.1284144154477354,0.6258412589292979,-0.46323784903404364,-1.290874983135983,82848,35,"GABRB1, ADCY2, GNB3, KCNJ4, ADCY5, GNAI1, KCNJ12, GNAL, GABRA3, GNAI2, KCNJ15, GABBR1, ADCY1, KCNJ2, ADCY7, ADCY6, GABBR2, GNB2, KCNJ16, GNG7"
PID_SYNDECAN_2_PATHWAY,0.12889784562931136,0.6258706504445452,-0.48874914928756824,-1.3032112321647082,81357,28,"SDC2, FN1, TGFB1, MMP2, MAPK3, LAMA3, ITGA2, EPHB2, LAMA1, CAV2, ITGB1, RHOA, ITGA5, PRKACA, EZR"
REACTOME_NITRIC_OXIDE_STIMULATES_GUANYLATE_CYCLASE,0.13294888016251885,0.6398030385573902,0.5200133439295357,1.3274467612607432,52747,16,"NOS3, PDE11A, NOS2, PDE6G, PRKG2, GUCY1A2, PDE10A, PDE3B, NOS1"
KEGG_DRUG_METABOLISM_CYTOCHROME_P450,0.13302167710010507,0.6398030385573902,-0.46421256820222395,-1.28640182257782,85591,34,"UGT2B15, GSTM4, ALDH3A1, FMO4, UGT1A10, ALDH3B1, ALDH1A3, ALDH3B2, MAOA, FMO5"
BIOCARTA_CELL2CELL_PATHWAY,0.13360764305626616,0.6398030385573902,0.600496215386931,1.3557301647486706,55882,10,"CTNNA3, CTNNA1"
PID_ERB_GENOMIC_PATHWAY,0.13371932308522114,0.6398030385573902,-0.5906146780552102,-1.3312442701462595,79332,13,NR0B1
REACTOME_POST_CHAPERONIN_TUBULIN_FOLDING_PATHWAY,0.13635609565638504,0.6500466960200756,-0.5780018873593843,-1.3255928865276774,81371,14,"TUBB4A, TUBB2B, TUBA1B, TUBA4A, TUBB4B"
REACTOME_P75NTR_SIGNALS_VIA_NFKB,0.13879760909308753,0.6592886431921657,-0.5765477645332746,-1.3222579927901592,82828,14,"NGF, NGFR"
REACTOME_COMMON_PATHWAY,0.1401508872361039,0.6630668429420745,-0.775759099767398,-1.3175800080565876,76090,4,"THBD, F10, PROC, PROS1"
REACTOME_P75_NTR_RECEPTOR_MEDIATED_SIGNALLING,0.14060456318680145,0.6630668429420745,-0.38730000394840414,-1.2294064948212542,98791,75,"ARHGEF6, NGF, FGD2, NGFR, NGEF, PLEKHG2, MAG, FGD3, VAV3, TIAM1, APH1B, ECT2, ITGB3BP, VAV1, ITSN1, MAGED1, ARHGDIA, BCL2L11"
BIOCARTA_RAB_PATHWAY,0.14221106752113843,0.6661199613801012,0.5620545399340191,1.332454288645018,58361,12,"ACTA1, RAB6A, RAB27A, RAB5A, RAB9A, RAB3A"
REACTOME_CHEMOKINE_RECEPTORS_BIND_CHEMOKINES,0.1422963689892051,0.6661199613801012,-0.5548352746135586,-1.312621274531602,85839,16,"CCR3, CCR9, CXCL12, CXCR4, XCL1, CCL2, CCR7, CXCL1, CXCR6"
REACTOME_ASSEMBLY_OF_THE_PRE_REPLICATIVE_COMPLEX,0.1446764584267569,0.6661199613801012,-0.4011133061917489,-1.23621323487514,99368,62,"PSMB9, E2F2, E2F1, MCM5, MCM6, CDC6, CDT1, MCM2, MCM4, ORC1, MCM3, ORC6, GMNN, PSMA2, MCM7, MCM8"
SA_MMP_CYTOKINE_CONNECTION,0.14495973623331954,0.6661199613801012,-0.5961072650497589,-1.3189984553226932,85469,12,"TNFRSF1B, SELL, TGFB1, IL1B"
REACTOME_ACYL_CHAIN_REMODELLING_OF_PS,0.14532629149469262,0.6661199613801012,-0.641215183877119,-1.3232706472410325,83870,9,"PLA2G4D, PLA2G4F"
REACTOME_ACYL_CHAIN_REMODELLING_OF_PE,0.1455088385467549,0.6661199613801012,-0.5726340843037939,-1.3132823358142887,86833,14,"PLA2G4D, PLA2G4F, PLBD1, LPCAT3, LPCAT4"
PID_EPO_PATHWAY,0.1463254071223438,0.6661199613801012,0.4236382971562048,1.2580503390743576,53345,30,"BCL2, IRS2, STAT5A, SH2B3, JAK2, SOS1, MAPK8, PLCG2, PTPN11"
KEGG_HISTIDINE_METABOLISM,0.1467959414774095,0.6661199613801012,-0.5090569110041974,-1.2918124367047912,90872,22,"DDC, ALDH3A1, HNMT, ALDH3B1, ALDH1A3, ALDH3B2, MAOA"
BIOCARTA_EPO_PATHWAY,0.14697281850202698,0.6661199613801012,0.4929765984515915,1.2965771565121067,57498,18,"STAT5A, FOS, JAK2, SOS1, JUN, MAPK8"
PID_FRA_PATHWAY,0.14699858348525166,0.6661199613801012,-0.4641490739013264,-1.2713280338498596,94019,32,"CDKN2A, MMP1, GJA1, MGP, THBD, PLAUR, CCL2, PLAU, CCNA2, MMP2, ITGB4, LAMA3, NFATC2"
REACTOME_INTEGRIN_CELL_SURFACE_INTERACTIONS,0.14752344113184046,0.6661199613801012,-0.4027040143276801,-1.234640295543891,100913,60,"COL1A1, ITGAM, ITGA2B, SYK, COL4A1, FN1, ITGA1, ITGB5, ITGB6, FBN1, ITGB2, ITGB4, COL4A4, ITGA2, LAMC1, JAM3, LAMA5, ITGA10, ITGA3, VWF, THBS1, AKT1, RAPGEF3, LAMA1, ITGAX, LAMB1, ITGB1, RAPGEF4"
BIOCARTA_BARRESTIN_PATHWAY,0.1477157342814864,0.6661199613801012,-0.6397324451228562,-1.3202107311311566,85249,9,"DNM1, PLCB1, ARRB1, AP2A1, ADCY1"
PID_EPHRINB_REV_PATHWAY,0.14785729119878677,0.6661199613801012,-0.5029288638864674,-1.2882725436520328,91841,23,"LCK, ITGA2B, CXCR4, DNM1, TIAM1, RGS3, EPHB2"
BIOCARTA_P53_PATHWAY,0.14873952121465694,0.6670963280626652,0.5105994875260996,1.303415852555046,59012,16,"TIMP3, BCL2, GADD45A, TP53"
REACTOME_SEMA4D_IN_SEMAPHORIN_SIGNALING,0.1490917041360495,0.6670963280626652,-0.47860982168386684,-1.2761755112043702,94103,28,"MYL9, RAC2, RRAS, RHOB, RHOC, RND1, MYH10, ERBB2, MYL6, ROCK1P1, CDC42, RHOA, MYH9, LIMK1"
BIOCARTA_GSK3_PATHWAY,0.15053442200532954,0.6712606369013165,0.4451054862295004,1.2678975455821906,56433,25,"CD14, TLR4, LY96, AXIN1, PDPK1, APC, EIF2AK2, IRAK1, GSK3B"
"NABA_PROTEOGLYCANS",0.15132324308189113,0.672490751458845,-0.592475990436275,-1.3109635832671782,89221,12,"CHAD, SPOCK3, SRGN, HAPLN3, HSPG2, PODN"
REACTOME_ENERGY_DEPENDENT_REGULATION_OF_MTOR_BY_LKB1_AMPK,0.15278484905004108,0.6766923550831212,0.5082631446039962,1.2974518308980156,60617,16,"PRKAA2, PRKAB2, TSC1, TSC2, PRKAB1"
KEGG_CALCIUM_SIGNALING_PATHWAY,0.15473040257979542,0.6830018780542485,-0.34959441409840736,-1.1877878574342522,116068,124,"ATP2B3, P2RX6, HTR6, NTSR1, PDGFRB, F2R, ADCY2, GRIN2D, TACR2, ATP2A3, ADRA1D, P2RX5, CAMK2B, PLCD3, ADRB1, CALML3, PLCB1, ATP2B4, LTB4R2, EDNRB, GNA15, CACNA1C, RYR1, DRD1, PTAFR, ADRB2, CACNA1B, GRIN2A, HTR7, PPP3CC, CALM3, ATP2A1, GNAL, HRH1, PLCD4, CACNA1G, PRKACB, BDKRB1"
REACTOME_OLFACTORY_SIGNALING_PATHWAY,0.15810733702560548,0.6955661706059355,-0.8088123149786681,-1.2870030128785266,83957,3,"OR2A7, GNAL"
KEGG_GAP_JUNCTION,0.16134018920014728,0.7072675609263365,-0.38458118380759954,-1.2108264943136404,112613,71,"PDGFRB, TUBB4A, GJA1, ADCY2, PDGFB, ADRB1, PLCB1, TUBB2B, ADCY5, DRD1, TUBAL3, GNAI1, TUBB, TUBA1B, MAPK3, TUBA4A, TUBB4B, CDK1, EGF, PRKACB, GNAI2"
KEGG_WNT_SIGNALING_PATHWAY,0.16184612378177035,0.7072675609263365,-0.3438879243287125,-1.1782493585902418,122573,133,"FZD8, WNT6, NKD1, TCF7, NKD2, WNT2B, VANGL2, MAPK10, RAC2, SFRP5, WNT10A, CAMK2B, APC2, FZD2, PLCB1, WNT7A, PRICKLE1, FZD1, NFATC4, LRP5, TCF7L1, PPP3CC, NFATC2, WNT11, WNT4, WNT5A, PRKACB, DKK1, VANGL1, CCND3, FZD4, AXIN2, CTNNBIP1, MMP7, WNT3, DKK2, PPP2R1A, WNT7B"
REACTOME_INHIBITION_OF_VOLTAGE_GATED_CA2_CHANNELS_VIA_GBETA_GAMMA_SUBUNITS,0.16355296660743177,0.7111798476619985,-0.5431454179581564,-1.284965580591102,98662,16,"GNB3, KCNJ4, KCNJ12, KCNJ15, GABBR1, KCNJ2, GABBR2, GNB2, KCNJ16, GNG7"
KEGG_ALDOSTERONE_REGULATED_SODIUM_REABSORPTION,0.1638263264637098,0.7111798476619985,-0.4601894358858759,-1.2526158936941534,104445,31,"ATP1B2, SCNN1G, SGK1, PIK3R5, PIK3R3, NR3C2, MAPK3, SCNN1A, SFN"
REACTOME_KERATAN_SULFATE_KERATIN_METABOLISM,0.16527931016100658,0.7114044758226423,-0.4998287538851386,-1.2683945282616078,102314,22,"CHST6, B3GNT3, ST3GAL6"
BIOCARTA_CTCF_PATHWAY,0.1653400019549705,0.7114044758226423,-0.5121608657727332,-1.2732191981972043,101488,20,"CDKN2A, TGFB3, TGFB1"
BIOCARTA_GLEEVEC_PATHWAY,0.16550599933326157,0.7114044758226423,0.4550281760412627,1.256800346050645,63050,22,"STAT5A, FOS, MYC, JAK2, SOS1, JUN, MAPK8"
REACTOME_IL_2_SIGNALING,0.16730219405046598,0.7114903630881947,-0.4520539073234707,-1.2455198478257592,107317,33,"LCK, SYK, IL3RA, PIK3R3, IL2RG, JAK3, MAPK3, CDK1"
REACTOME_TRANSMISSION_ACROSS_CHEMICAL_SYNAPSES,0.1673448348887915,0.7114903630881947,-0.3459720640730693,-1.1765173170790633,125641,125,"CACNA2D3, GRIK2, SLC17A7, SYN1, CACNG8, GABRB1, ADCY2, NCALD, GRIN2D, AKAP5, GNB3, CAMK2B, PLCB1, CHRNB4, CACNG4, KCNJ4, ADCY5, RRAS, CACNA1B, MAOA, GRIN2A, GNAI1, GLUL, CALM3, KCNJ12, GNAL, GABRA3, PRKACB, GNAI2, KCNJ15, ABAT, GABBR1, SYT1, RPS6KA6"
PID_NOTCH_PATHWAY,0.1674291903537301,0.7114903630881947,-0.404508935757633,-1.2189558334039037,113152,54,"CNTN1, DTX1, MFAP2, MFAP5, DNM1, SSPO, JAG2, APH1B, NOTCH3, MAML2, SKP2"
KEGG_THYROID_CANCER,0.16769681326792688,0.7114903630881947,-0.4785710747449553,-1.2570913557870067,105188,26,"RET, PAX8, TCF7, MAPK3, TCF7L1"
BIOCARTA_RNA_PATHWAY,0.16868613452811873,0.7128720318090557,0.5776740671413962,1.304204986058076,70554,10,"TP53, DNAJC3, EIF2S2, EIF2AK2, EIF2S1, NFKB1, CHUK"
BIOCARTA_P53HYPOXIA_PATHWAY,0.17017304628733976,0.7128720318090557,0.45935368856801184,1.254533510250367,65267,21,"GADD45A, IGFBP3, TP53, TAF1, HIF1A, MAPK8, CSNK1A1, NFKBIB, ATM, FHL2, EP300"
KEGG_SNARE_INTERACTIONS_IN_VESICULAR_TRANSPORT,0.17032801345985293,0.7128720318090557,0.39624944107371435,1.2174907122013754,60437,35,"STX19, VAMP7, VTI1A, STX16, STX18, GOSR2, TSNARE1, STX1A, VAMP4, STX17, BET1, YKT6, STX7"
REACTOME_SIGNALING_BY_INSULIN_RECEPTOR,0.17107801473466666,0.7128720318090557,0.3156069636477553,1.1548080539283125,48508,88,"TRIB3, ATP6V0A4, FGFR2, ATP6V1G2, IRS2, GRB10, PRKAA2, EIF4EBP1, PRKAB2, SHC2, PDE3B, ATP6V1E2, ATP6V0A2, FGF1"
PID_CMYB_PATHWAY,0.17112717581699724,0.7128720318090557,-0.38702435911762983,-1.2047330476072093,118406,66,"CEBPA, CDKN2A, KIT, CD4, CCNA1, KITLG, MAF, PIM1, ADA, PTGS2, PIAS3, CCNB1, MCM4"
PID_P75_NTR_PATHWAY,0.1714179221822968,0.7128720318090557,-0.39189437334255817,-1.2078008969554732,117735,62,"NGF, MAPK10, NGFR, BDNF, MAG, NTF3, NDN, E2F1, RTN4R, APH1B, RHOB, RHOC, PRKACB, MAGED1, ARHGDIA, BCL2L11, MMP7, BAD, AKT1, NTF4, MAGEH1, RHOA, MYD88, CASP6, SORT1, BIRC3"
REACTOME_TELOMERE_MAINTENANCE,0.17232350528543128,0.7128720318090557,-0.4134118068704298,-1.220516581677863,114910,48,"HIST1H4C, HIST1H4J, POLE2, HIST1H2BJ, POLD1, PCNA, LIG1, POLA2, DNA2, H2AFX, RFC2, RPA3, HIST1H2BK, RFC5, TERF1, POLE, RFC3, FEN1, POLD2, PRIM2, PRIM1, RPA1, WRAP53, RPA2"
PID_FAK_PATHWAY,0.17325216565207066,0.7128720318090557,0.348406277477853,1.1815979972233055,55439,57,"ACTA1, FYN, ETS1, ARHGAP26, ELMO1"
BIOCARTA_CK1_PATHWAY,0.17457240000603255,0.7128720318090557,-0.5567027211797237,-1.2767452550680005,104177,14,"PPP1R1B, PLCB1, DRD1, PRKACB, CDK5R1, PPP1CA"
REACTOME_CHYLOMICRON_MEDIATED_LIPID_TRANSPORT,0.17540549040751224,0.7128720318090557,0.5929550178499488,1.30154972571064,74175,9,"MTTP, LPL"
BIOCARTA_EIF2_PATHWAY,0.17610947352170703,0.7128720318090557,0.5561685711953223,1.2887717183242848,73008,11,"EIF5, EIF2S2, EIF2S3, EIF2AK2, GSK3B, EIF2AK3, EIF2S1, EIF2AK1"
PID_CD8_TCR_PATHWAY,0.17630593010043305,0.7128720318090557,0.3854367181306782,1.2054511722346155,61598,38,"RASGRP1, ZAP70, FYN, PRF1, TRPV6"
KEGG_RENIN_ANGIOTENSIN_SYSTEM,0.17665502351549822,0.7128720318090557,-0.6063094547476408,-1.284035989699591,102767,10,"ACE2, MME, REN"
KEGG_LEUKOCYTE_TRANSENDOTHELIAL_MIGRATION,0.1769273255692624,0.7128720318090557,-0.3632084309380014,-1.1835371922825468,127171,90,"MYL9, CLDN16, CYBA, ITGAM, CXCL12, CXCR4, CYBB, RAC2, PIK3R5, CLDN11, PIK3R3, CLDN3, VAV3, ESAM, SIPA1, GNAI1, MMP2, ITGB2, MYL5, VAV1, CLDN2, JAM3, ACTN1, GNAI2, ACTB, ACTN4, CLDN9, CLDN4, RAPGEF3, MSN, VCL, ACTG1, PTK2B, PIK3R2, ITGB1, RAPGEF4, CDC42, RHOA, NCF4"
ST_G_ALPHA_S_PATHWAY,0.17761635673490375,0.7128720318090557,0.4948669741148428,1.2632552024139336,70469,16,"CAMP, CFB, TERF2IP, SNX13, CREB1, BRAF, CREB5, BFAR, ASAH1"
PID_CXCR3_PATHWAY,0.1780732570953418,0.7128720318090557,-0.4385066977614864,-1.2285842857076703,115214,36,"GNAO1, DNM1, PIK3R3, GNAI1, ITGB2, MAPK3, ARRB1, GNAI2, GNAZ, AKT1, PIK3R2, MAP2K3"
REACTOME_SIGNAL_TRANSDUCTION_BY_L1,0.1787728161796653,0.7128720318090557,-0.45391008140561195,-1.2355237603013545,113974,31,"NCAM1, ITGA2B, MAPK3, RPS6KA5, L1CAM, NRP1, RPS6KA6, EGFR, AP2A1, FGFR1, RPS6KA1, ITGB1, AP2S1"
BIOCARTA_EPHA4_PATHWAY,0.17915593674846234,0.7128720318090557,0.590651966579691,1.2964944758875243,75761,9,"ACTA1, FYN, EPHA4"
BIOCARTA_ERK_PATHWAY,0.17926782801945615,0.7128720318090557,-0.47348904477627246,-1.2437420827518857,112446,26,"NGF, NGFR, MAPK3, RPS6KA5, PTPRR, EGFR, RPS6KA1, ITGB1, IGF1R, STAT3"
PID_P73PATHWAY,0.17930673964244345,0.7128720318090557,-0.37698780930128,-1.1917585648355877,125539,73,"CLCA2, HEY2, SERPINE1, TP73, FASN, JAG2, CCNA2, CCNE2, ADA, BIN1, PLK1, BUB1, CDK2, CCNB1, SFN, CDK1, PRKACB, S100A2, BCL2L11, CHEK1, IL4R, FLOT2, FAS, RAD51"
REACTOME_THE_NLRP3_INFLAMMASOME,0.17944147253774856,0.7128720318090557,-0.6048033255609256,-1.2808463246436763,104388,10,"PSTPIP1, PYCARD"
PID_IL4_2PATHWAY,0.18310496390371286,0.723978128844638,-0.4194415190974611,-1.2141442852684265,120602,43,"IGHE, IL13RA2, ALOX15, COL1A1, TFF3, IL2RG, SOCS3, JAK3, FES, MYBL1"
REACTOME_CLASS_B_2_SECRETIN_FAMILY_RECEPTORS,0.18382674497570878,0.723978128844638,-0.40577744225297485,-1.2067443261222308,123162,50,"FZD8, WNT6, RAMP1, GIPR, WNT2B, PTH2R, WNT10A, GNB3, FZD2, PTCH1, WNT7A, FZD1, VIPR1, ADM, WNT11, WNT4, WNT5A"
REACTOME_LIPOPROTEIN_METABOLISM,0.18443629939487471,0.723978128844638,0.48213496509062603,1.2499734129498408,72661,17,"MTTP, LPL, ABCA1"
REACTOME_DARPP_32_EVENTS,0.18444599163547604,0.723978128844638,-0.49095043337156785,-1.2458643855436606,114179,22,"PPP1R1B, PDE4D, CALM3, PRKACB, PPP2R1A, PPP1CA, CALM2, PPP2R5D, PRKACA, PPP2R1B, PPP3CB"
REACTOME_GRB2_SOS_PROVIDES_LINKAGE_TO_MAPK_SIGNALING_FOR_INTERGRINS_,0.18576727907808246,0.7245607843661268,-0.6013092548104275,-1.2734466171856034,108068,10,"ITGA2B, FN1"
ST_ADRENERGIC,0.1866056268874924,0.7245607843661268,0.40724365489669456,1.209364265619637,68030,30,"CAMP, PTX3, ITPR1, PITX2, CFB"
REACTOME_RECRUITMENT_OF_NUMA_TO_MITOTIC_CENTROSOMES,0.1867958594543268,0.7245607843661268,-0.6177724493024852,-1.2748920633682899,107803,9,"CCNB1, CDK1, TUBGCP6, TUBG2, TUBG1"
REACTOME_SIGNAL_REGULATORY_PROTEIN_SIRP_FAMILY_INTERACTIONS,0.18728449097417876,0.7245607843661268,-0.6175171169953676,-1.274365136127955,108085,9,"SIRPA, SKAP2, PTK2B, PTPN6, SIRPB1, CD47"
REACTOME_FORMATION_OF_RNA_POL_II_ELONGATION_COMPLEX_,0.18735782295966208,0.7245607843661268,0.38722445015662404,1.1971617825216163,66135,36,"TCEA1, GTF2H3, GTF2H1, CTDP1, NCBP2, ELL, CDK7, ERCC3, SUPT4H1, MNAT1, CCNT1, POLR2D, NCBP1, POLR2G, SUPT16H, POLR2B, GTF2H2"
REACTOME_GRB2_EVENTS_IN_ERBB2_SIGNALING,0.18925133675802383,0.7291532546631342,0.4441492645748947,1.2267524931582432,72096,22,"ERBB4, HBEGF, NRG4, BTC, SOS1, EREG"
PID_PTP1B_PATHWAY,0.1896577115485345,0.7291532546631342,-0.41713924874583275,-1.207479975076657,124918,43,"PDGFRB, LCK, ITGA2B, PRLR, PDGFB, SOCS3, CAPN1, LAT, EGF, EGFR, TYK2, CSF1, CAV1, AKT1, SPRY2, RHOA, CSF1R, LEPR, FER, STAT3"
KEGG_NATURAL_KILLER_CELL_MEDIATED_CYTOTOXICITY,0.19119354191201965,0.731319265209193,-0.3640247036199852,-1.174533756589875,136207,84,"TNFRSF10D, TNFSF10, RAET1E, LCK, SYK, HLA-G, MICB, RAC2, SHC3, SHC4, PIK3R5, PIK3R3, VAV3, NFATC4, LAT, ITGB2, MAPK3, PPP3CC, IFNAR2, NFATC2, KLRC2, VAV1, RAET1G, RAET1L"
REACTOME_KERATAN_SULFATE_BIOSYNTHESIS,0.19133677190446466,0.731319265209193,-0.5133606872678644,-1.2471157614059807,116481,18,"CHST6, B3GNT3, ST3GAL6"
REACTOME_3_UTR_MEDIATED_TRANSLATIONAL_REGULATION,0.1932813579394059,0.7366042449376777,0.2923225617993554,1.12093486800584,48962,120,"RPS17, RPL17P36, RPSAP9, RPL21P16, RPL3L, RPL21P75, RPS12, EIF2S2, PABPC1, EIF3J, EIF2S3, RPL26, EIF3C, RPS18, EIF1AX, RPL10P9, RPL21, EIF3D, RPL4, EIF3G, RPS27AP11, RPS23, RPSAP12, RPL26L1, RPL12, RPLP1, EIF2S1, RPLP0, RPL14, RPL10, EIF3K, RPS24, EIF3A, RPL23AP2, RPL37A, RPS3A, RPS6, RPL5P1, RPS27, RPL19, RPS7, RPL5, RPL36A, RPS8, RPS27A, RPL3, RPL37, RPL7, RPL13A, RPS15A, RPL6, RPL11, RPL30, 
RPS4X, RPL22, RPL13, RPS19, RPS13, RPL10A, RPS16, RPL23AP42, RPL36, FAU, RPL17, RPS14, RPL24, RPS5, EIF3E, RPL10P16, RPL27A, RPL32"
REACTOME_REGULATION_OF_AMPK_ACTIVITY_VIA_LKB1,0.19456778831732732,0.7383242112742302,0.518415950400789,1.254889611464824,79134,13,"PRKAA2, PRKAB2, PRKAB1, PRKAA1, STK11, PRKAG2, CAB39, PPM1A, STRADB"
REACTOME_DEPOSITION_OF_NEW_CENPA_CONTAINING_NUCLEOSOMES_AT_THE_CENTROMERE,0.19485902143469386,0.7383242112742302,-0.43512041693840847,-1.2125219518412262,125716,35,"HIST1H4C, HIST1H4J, HIST1H2BJ, CENPI, OIP5, CENPO, ITGB3BP, H2AFX, HJURP, RBBP4P1, HIST1H2BK, CENPA, CENPQ, CENPH, CENPK, MIS18BP1"
BIOCARTA_MONOCYTE_PATHWAY,0.19690580378112826,0.7439294200491618,-0.6531014541225185,-1.2673091311111657,111504,7,"ITGAM, SELL, ITGB2"
REACTOME_RNA_POL_I_TRANSCRIPTION_TERMINATION,0.1987612058563061,0.7445994923575812,0.4526990422547352,1.2220322468680667,76757,20,"GTF2H3, GTF2H1, POLR1B, TAF1A, POLR1C, CDK7, ERCC3, MNAT1, TAF1C, POLR1A, GTF2H2, POLR1D, UBTF"
REACTOME_CELL_SURFACE_INTERACTIONS_AT_THE_VASCULAR_WALL,0.19884222725657943,0.7445994923575812,-0.3833611073603537,-1.1815017535935521,136571,62,"ATP1B2, COL1A1, MMP1, ITGAM, LCK, SELL, FN1, THBD, MAG, ESAM, SIRPA, PROC, ITGB2, SLC7A8, SLC16A3, JAM3, L1CAM, ITGA3, MERTK, ATP1B1, PROS1, CAV1, ITGAX, GRB14, PIK3R2, ATP1B3, ITGB1, GRB7"
REACTOME_NEGATIVE_REGULATION_OF_FGFR_SIGNALING,0.19906864540857544,0.7445994923575812,-0.46975363644824314,-1.2237822690827407,124439,25,"KL, FGFR3, FGF18, FGFR4, FGF9, MAPK3, PPP2R1A, FGFR1, SPRY2, FGF2"
PID_TCR_JNK_PATHWAY,0.19935501282800228,0.7445994923575812,-0.5797217292118511,-1.256069281292444,116709,11,"MAP4K1, MAP3K8, LAT"
BIOCARTA_TRKA_PATHWAY,0.200816854148904,0.7454824361911478,-0.5934770164730299,-1.2568595825840905,116823,10,NGF
ST_MYOCYTE_AD_PATHWAY,0.20082703453886044,0.7454824361911478,0.44528256921732234,1.2161041012970988,77024,21,"CAMP, PTX3, ITPR1, PITX2, CFB"
PID_FGF_PATHWAY,0.20175638600025064,0.7454824361911478,-0.40885524662570394,-1.1932672936215765,133616,45,"SDC2, NCAM1, FGFR3, FGF18, PLAUR, FGFR4, FGF9, PLAU, MAPK3, PAK4, AKT1, FGFR1, SPRY2, RPS6KA1, PTK2B, FGF2"
REACTOME_GAP_JUNCTION_ASSEMBLY,0.20186595335458238,0.7454824361911478,-0.5784533661884999,-1.253321149299316,118179,11,"GJB2, GJA1, GJC2, GJB7, GJB6"
PID_FOXM1_PATHWAY,0.2037402546136386,0.7457484167916568,-0.42633766880763607,-1.200584080830853,132127,37,"CDKN2A, BIRC5, CCNA2, MMP2, AURKB, FOXM1, PLK1, CDK2, CCNB1, CCNB2, CDK1, NEK2, SKP2, CENPA, CDC25B, CHEK2, CENPF, CCNE1, CENPB, RB1"
BIOCARTA_EGFR_SMRTE_PATHWAY,0.20403526931972302,0.7457484167916568,-0.5773748776382672,-1.2509844138106971,119449,11,"THRB, EGF, EGFR, THRA, ZBTB16, MAP2K1, RXRA"
PID_ENDOTHELIN_PATHWAY,0.20461875050644193,0.7457484167916568,-0.3894006297856147,-1.1806375437355936,138885,56,"EDN2, MMP1, ADCY2, GNAO1, PLCB1, EDNRB, GNA15, ADCY5, GNAI1, MAPK3, GNAL, GNAI2, GNAZ, EDNRA, AKT1, PLCB3, ADCY1, PTK2B, COL3A1, CDC42, RHOA, ADCY7"
BIOCARTA_SKP2E2F_PATHWAY,0.20507130284111225,0.7457484167916568,-0.591191270010019,-1.252018851998657,119298,10,"CCNA1, E2F1, CDK2, SKP2, CCNE1, RB1"
REACTOME_TRANSLOCATION_OF_ZAP_70_TO_IMMUNOLOGICAL_SYNAPSE,0.20557825980648992,0.7457484167916568,-0.6266025506638779,-1.2567082662591382,117709,8,"HLA-DRB1, LCK, CD4, HLA-DPB1, HLA-DRB5"
KEGG_GLUTATHIONE_METABOLISM,0.2062033664610673,0.7457484167916568,-0.4158197203120772,-1.1934428402960902,135195,41,"GSTM4, GGT6, IDH2, GGT5, GGT1, GGT7, G6PD, RRM2, GSTO1, GPX3, RRM1, GSTZ1, GPX4"
REACTOME_METABOLISM_OF_STEROID_HORMONES_AND_VITAMINS_A_AND_D,0.20697457761981805,0.7457484167916568,-0.5217570098660551,-1.2343651938193523,124856,16,"CYP24A1, STAR, STARD4, STARD5, CUBN"
KEGG_VALINE_LEUCINE_AND_ISOLEUCINE_BIOSYNTHESIS,0.207546944259818,0.7457484167916568,0.5550534027409603,1.2531346940420525,86808,10,"BCAT1, IARS, LARS, PDHA1"
REACTOME_RNA_POL_I_TRANSCRIPTION_INITIATION,0.20776121779983808,0.7457484167916568,0.42576382086770653,1.2009795519408544,78272,24,"GTF2H3, GTF2H1, POLR1B, TAF1A, POLR1C, CDK7, ERCC3, MNAT1, TAF1C, RRN3, POLR1A, GTF2H2, POLR1D, ERCC6, UBTF, EHMT2"
REACTOME_INWARDLY_RECTIFYING_K_CHANNELS,0.20808385904750162,0.7457484167916568,-0.48650603435986806,-1.2222927066362326,128275,21,"KCNJ8, ABCC9, GNB3, KCNJ4, KCNJ12, KCNJ11, KCNJ15, GABBR1"
ST_PAC1_RECEPTOR_PATHWAY,0.20874844082513494,0.7457484167916568,0.6191694334279978,1.2699930134344874,90538,7,"CAMP, ITPKB"
REACTOME_PIP3_ACTIVATES_AKT_SIGNALING,0.20901033575004316,0.7457484167916568,0.41105160605480684,1.1918186083145461,77490,27,"TRIB3, AKT3, PDPK1, THEM4, MAPKAP1, TSC2, CREB1, FOXO3, CASP9"
KEGG_HYPERTROPHIC_CARDIOMYOPATHY_HCM,0.20933288892397384,0.7457484167916568,-0.3827435302928149,-1.173443940327148,143194,60,"DES, CACNA2D3, CACNG8, ITGA2B, TGFB3, CACNA1C, CACNG4, ITGA1, ITGB5, TGFB1, ITGB6, ITGA7, ITGB4, LMNA, ITGA2, DMD, ITGA10, ITGA3, ACTB, ACE, TPM4, CACNB3, DAG1, ACTG1, TPM1, CACNA2D1, ITGB1"
KEGG_PROGESTERONE_MEDIATED_OOCYTE_MATURATION,0.21332777321550817,0.7529048460856455,-0.3657501325802885,-1.1610007330024306,149888,75,"ADCY2, MAPK10, CCNA1, PIK3R5, PIK3R3, ADCY5, GNAI1, CCNA2, PKMYT1, PLK1, BUB1, MAD2L1, CDK2, MAPK3, CCNB1, CCNB2, CDK1, PRKACB, GNAI2, RPS6KA6, CDC25A, CDC25C, CDC25B, AKT1, ANAPC11, ADCY1, RPS6KA1, PIK3R2"
REACTOME_ALPHA_LINOLENIC_ACID_ALA_METABOLISM,0.21361783826810013,0.7529048460856455,-0.5725764854314077,-1.2405878515517261,125059,11,"ELOVL2, FADS2, FADS1, SCP2, ABCD1"
REACTOME_SYNTHESIS_OF_BILE_ACIDS_AND_BILE_SALTS,0.21399362528568355,0.7529048460856455,-0.5723757537949866,-1.2401529310897403,125279,11,"HSD3B7, CYP7B1, CYP27A1, SCP2, CYP39A1"
BIOCARTA_STATHMIN_PATHWAY,0.21419170573190505,0.7529048460856455,-0.5590488439744641,-1.2369997899467031,126289,12,"CAMK2B, CCNB1, CDK1, PRKACB"
KEGG_MELANOMA,0.21455801215564804,0.7529048460856455,-0.3909705309014899,-1.1743513144942919,144701,53,"CDKN2A, PDGFRB, PDGFB, PIK3R5, PIK3R3, FGF18, E2F2, FGF9, E2F1, MAPK3, FGF12, EGF, EGFR, BAD, AKT1, FGFR1, FGF2, PIK3R2"
REACTOME_PLATELET_ACTIVATION_SIGNALING_AND_AGGREGATION,0.21478749995120625,0.7529048460856455,-0.32678400697527027,-1.1334578985500814,165072,148,"F2RL2, ADRA2A, F2R, COL1A1, SRGN, LCK, ITGA2B, SYK, TGFB3, PDGFB, SERPINE1, RAC2, FN1, GNB3, SERPINF2, PIK3R5, PIK3R3, GNA15, TGFB1, VAV3, GP1BB, GNAI1, DGKI, LAT, RHOB, VEGFB, MAPK3, CALM3, VAV1, TUBA4A, ACTN1, DGKA, EGF, ARRB1, GNAI2, CLU, VWF, MGLL, CD9, ACTN4, THBS1, ALDOA, PROS1, AKT1, CFL1, RAPGEF3"
KEGG_ETHER_LIPID_METABOLISM,0.21766868261763214,0.760622573078812,0.4513597140127254,1.2034135771679915,84614,19,"ENPP2, PLA2G4E, PLA2G4A"
BIOCARTA_BCR_PATHWAY,0.2181495709211543,0.760622573078812,-0.4421220626659119,-1.1955896848708774,138618,30,"SYK, BLNK, NFATC4, MAPK3, PPP3CC, CALM3, NFATC2, VAV1"
KEGG_PRIMARY_BILE_ACID_BIOSYNTHESIS,0.21916683127657582,0.7621424822376417,-0.6008060020450858,-1.2398785418419775,126485,9,"HSD3B7, CYP7B1, CYP27A1, SCP2, CYP39A1"
KEGG_GLYCOSAMINOGLYCAN_BIOSYNTHESIS_KERATAN_SULFATE,0.22045509006118028,0.7645942409264744,-0.5339885583759758,-1.2246524621298376,131558,14,"CHST6, B3GNT7, CHST2, FUT8, ST3GAL3, B4GALT2, ST3GAL2"
KEGG_MISMATCH_REPAIR,0.22284720124450158,0.7685429080076708,-0.4746401560354564,-1.2044744767664093,137951,22,"POLD1, PCNA, LIG1, RFC2, RPA3, RFC5, EXO1, MSH6, RFC3, POLD2, RPA1, RPA2"
REACTOME_ADENYLATE_CYCLASE_ACTIVATING_PATHWAY,0.22309667626602347,0.7685429080076708,-0.5987980368432075,-1.2357347201123348,128753,9,"ADCY2, ADCY5, GNAL, ADCY1, ADCY7, ADCY6"
REACTOME_PD1_SIGNALING,0.2234605130153389,0.7685429080076708,-0.5546886422173231,-1.2273520306930321,131754,12,"HLA-DRB1, LCK, CD4, HLA-DPB1, HLA-DRB5"
KEGG_TYPE_I_DIABETES_MELLITUS,0.22393851324098416,0.7685429080076708,-0.4555195607069721,-1.1965405607971618,140466,26,"HLA-DMB, HLA-DRB1, HLA-G, HLA-DPB1, HLA-DOB, CPE, IL1B, HLA-DRB5, HLA-F, HLA-DMA"
REACTOME_GLUTATHIONE_CONJUGATION,0.22514701534215972,0.7706729428552779,-0.4982539188445769,-1.2104166345116736,137064,18,"GSTM4, GGT5, GGT1, GGT7, GSTO1"
REACTOME_INTEGRATION_OF_ENERGY_METABOLISM,0.22597019334199073,0.7711999189906745,-0.3516537981677575,-1.144046406485916,162176,89,"PFKFB1, ADRA2A, ADCY2, GNAO1, ISL1, AKAP5, GNB3, PLCB1, GNA15, ADCY5, FASN, PCSK1, GNAI1, PRKACB, KCNJ11, GNAI2, TKT, GATA4, ACACB, PPP2R1A, RAPGEF3, PLCB3, CACNB3, ADCY1, GNB5, STXBP1, RAPGEF4, AGPAT1, ADCY7, SLC2A1, PPP2R5D, ADCY6, GNB2, SLC25A5"
REACTOME_NEGATIVE_REGULATION_OF_THE_PI3K_AKT_NETWORK,0.22764068310880448,0.7711999189906745,0.608782943248474,1.248689038706486,98732,7,"TRIB3, AKT3, THEM4"
PID_REELIN_PATHWAY,0.22798427879649627,0.7711999189906745,0.4086562448927011,1.1744887880125015,84979,26,"FYN, ARHGEF2, VLDLR, MAP1B, MAPK8IP1"
KEGG_SMALL_CELL_LUNG_CANCER,0.22839879923381837,0.7711999189906745,-0.3585581249648148,-1.1468109979180956,161450,79,"TRAF1, LAMC3, ITGA2B, COL4A1, FN1, PIK3R5, PIK3R3, COL4A6, E2F2, E2F1, CCNE2, PTGS2, PIAS3, COL4A4, CDK2, LAMA3, ITGA2, LAMC1, LAMA5, ITGA3, SKP2, LAMC2, AKT1, LAMA1, LAMB1, PIK3R2, ITGB1, PIAS1, CDKN1B, CCNE1, LAMB2, RB1, E2F3, TRAF5, BIRC3, TRAF4, ITGAV, TRAF2, CKS1B, PIK3CB, NFKBIA"
REACTOME_PROCESSING_OF_INTRONLESS_PRE_MRNAS,0.22928968036484385,0.7711999189906745,0.4897917592591482,1.2085937278860532,92458,14,"NCBP2, PCF11, NCBP1, PAPOLA, CSTF3, CPSF2, CPSF7, PABPN1, CSTF2"
REACTOME_PRE_NOTCH_PROCESSING_IN_GOLGI,0.22942544060664138,0.7711999189906745,-0.5204914382565868,-1.213059480004871,137660,15,"ST3GAL6, ATP2A3, MFNG, ATP2A1, NOTCH3, LFNG, ST3GAL3"
BIOCARTA_AKAP95_PATHWAY,0.22976130691892224,0.7711999189906745,-0.5647675406395916,-1.2236683966166078,134510,11,"CCNB1, NCAPD2, CDK1, PRKACB"
PID_EPHB_FWD_PATHWAY,0.23000699338318362,0.7711999189906745,-0.4149833198326561,-1.1745475914204397,149645,38,"EFNB3, DNM1, EPHB3, RRAS, MAPK3, EPHB2, ITSN1, GRB7, CDC42, EPHB4, PXN"
BIOCARTA_41BB_PATHWAY,0.23157340886403982,0.7735524293405944,0.5001141971409605,1.2105879652296037,94185,13,"JUN, MAP4K5, MAPK8, ATF2, NFKB1, CHUK, IKBKB"
BIOCARTA_PML_PATHWAY,0.23236751618122978,0.7735524293405944,-0.5388194357808131,-1.214497900540825,137858,13,TNFRSF1B
REACTOME_SIGNALLING_TO_P38_VIA_RIT_AND_RIN,0.23247876213592233,0.7735524293405944,-0.5387762511101106,-1.2144005623818408,137924,13,"NGF, MAPK3, CDK1"
REACTOME_RESPONSE_TO_ELEVATED_PLATELET_CYTOSOLIC_CA2_,0.23335224049914918,0.774493132390847,-0.3810633548386481,-1.1553594649090284,158388,56,"SRGN, ITGA2B, TGFB3, PDGFB, SERPINE1, FN1, SERPINF2, TGFB1, VEGFB, CALM3, TUBA4A, ACTN1, EGF, CLU, VWF, CD9, ACTN4, THBS1, ALDOA, PROS1, CFL1, VCL"
REACTOME_G_ALPHA1213_SIGNALLING_EVENTS,0.23423131111678325,0.7754475981669263,-0.36803368962107685,-1.148358239084235,162426,67,"ARHGEF6, FGD2, NGEF, RAC2, ADRA1D, GNB3, PLEKHG2, PIK3R3, FGD3, VAV3, TIAM1, RHOB, ECT2, VAV1, RHOC, ITSN1"
BIOCARTA_SALMONELLA_PATHWAY,0.23521717536794173,0.7767499166432534,0.4983995018729935,1.2064373342991006,95667,13,"ACTA1, WASF1, ARPC1B, WASL"
KEGG_BLADDER_CANCER,0.23617122068556343,0.7779408801979237,-0.4105589311747406,-1.1676568690389342,154049,39,"CDKN2A, MMP1, FGFR3, E2F2, E2F1, MMP2, VEGFB, MAPK3, PGF, RPS6KA5, TYMP, EGF, EGFR, THBS1, ERBB2"
KEGG_GRAFT_VERSUS_HOST_DISEASE,0.2394855814541992,0.7830911848982759,-0.47351840817305413,-1.1896627295270117,147633,21,"HLA-DMB, HLA-DRB1, HLA-G, HLA-DPB1, HLA-DOB, IL1B, HLA-DRB5, HLA-F, HLA-DMA"
KEGG_PENTOSE_AND_GLUCURONATE_INTERCONVERSIONS,0.23978861098586318,0.7830911848982759,-0.5071608474683466,-1.199833803753905,144651,16,"UGT2B15, UGT1A10, DHDH, CRYL1, UGT1A6, UGT1A1, GUSB, AKR1B1"
PID_ARF6_DOWNSTREAM_PATHWAY,0.23989667097204284,0.7830911848982759,-0.5157524742359041,-1.2020148310286138,143943,15,"PLAUR, TIAM1, MAPK3, PLD2, RHOA, RAB11A, PLD1, MAPK1, RAB11FIP3, ARF1, NME1, RAC1"
REACTOME_CLASS_I_MHC_MEDIATED_ANTIGEN_PROCESSING_PRESENTATION,0.2401240704264736,0.7830911848982759,-0.3063610924888748,-1.10508405266071,194931,217,"TMEM189-UBE2V1, CYBA, UBA7, FBXO17, FBXO2, RNF182, HLA-G, CYBB, FBXO27, MRC2, SOCS3, ITGB5"
REACTOME_EARLY_PHASE_OF_HIV_LIFE_CYCLE,0.24226840614886733,0.785785800586025,-0.5343799788711426,-1.2044913737930971,143732,13,"CXCR4, CD4, LIG1, HMGA1, FEN1, XRCC4, BANF1"
REACTOME_IL_RECEPTOR_SHC_SIGNALING,0.242467718794835,0.785785800586025,-0.4842922612010374,-1.190688499987935,148212,19,"IL3RA, PIK3R3, IL2RG, JAK3"
REACTOME_PLATELET_CALCIUM_HOMEOSTASIS,0.24297288961432764,0.785785800586025,-0.5889796019363158,-1.215472494511909,140224,9,"ATP2B3, ATP2A3, ATP2A1"
KEGG_SYSTEMIC_LUPUS_ERYTHEMATOSUS,0.24334785281306343,0.785785800586025,-0.3769783290201492,-1.1462314690025501,165477,57,"HLA-DMB, HLA-DRB1, HIST1H4C, C1R, HIST1H4J, HLA-DPB1, HLA-DOB, HIST1H2BJ, HLA-DRB5, HIST1H2AG, GRIN2A, H2AFJ, HLA-DMA, C3, H2AFX, ACTN1, H2AFV, C2, HIST1H2BK, ACTN4, C4B, HIST1H2AI, H3F3A, SNRPB, HIST2H3C, C1S"
REACTOME_PROTEIN_FOLDING,0.2445706488170469,0.7869049291320865,-0.3919546671234484,-1.1529718977584995,162739,47,"TUBB4A, KIFC3, TUBB2B, TUBA1B, TUBA4A, FKBP9, TUBB4B, ACTB, TUBA1A, FBXO6, USP11, TBCD"
REACTOME_NFKB_ACTIVATION_THROUGH_FADD_RIP1_PATHWAY_MEDIATED_BY_CASPASE_8_AND10,0.246657950724372,0.7869049291320865,0.5188033114540993,1.20218773552419,102255,11,"CASP10, CASP8, RIPK1, MAVS, CHUK, IKBKB, TRIM25, RNF135"
PID_AR_NONGENOMIC_PATHWAY,0.2475292861891085,0.7869049291320865,-0.43511754477160125,-1.1687397631182457,156764,29,"GNAO1, PLCB1, GNAI1, MAPK3, AR, GNAI2, GNAZ, AKT1, PLCB3"
REACTOME_INHIBITION_OF_INSULIN_SECRETION_BY_ADRENALINE_NORADRENALINE,0.2475505873846048,0.7869049291320865,-0.4822200727198296,-1.1855937850976688,151319,19,"ADRA2A, GNAO1, GNB3, ADCY5, GNAI1"
KEGG_TYPE_II_DIABETES_MELLITUS,0.2475560618167599,0.7869049291320865,-0.4143776087930071,-1.1609807127486997,160170,36,"MAPK10, PIK3R5, PIK3R3, SOCS2, CACNA1C, SOCS3, CACNA1B, SLC2A4, MAPK3, CACNA1G, KCNJ11"
REACTOME_PLATELET_AGGREGATION_PLUG_FORMATION,0.24819777395199732,0.7869049291320865,-0.4549799300365329,-1.1755628132155218,154690,24,"ADRA2A, ITGA2B, SYK, FN1, GP1BB"
KEGG_ARGININE_AND_PROLINE_METABOLISM,0.24902180729382878,0.7869049291320865,0.3500296318296868,1.1286354200244353,84581,44,"AGMAT, NOS3, CPS1, NOS2, CKMT2, GOT1, ASS1, ODC1, NOS1, PYCR1, GLS2, P4HA2"
KEGG_PROTEIN_EXPORT,0.24983304693954583,0.7869049291320865,0.4154630886994315,1.16002619493727,94648,23,"SEC63, SEC61A1, SRPRB, HSPA5, SEC11C, SRP72, SRP19, IMMP2L"
REACTOME_SIGNAL_AMPLIFICATION,0.25131322247143295,0.7869049291320865,0.4098866920987849,1.1561939077399312,94680,24,"P2RY1, TBXA2R, GNB4, PLA2G4A, GNG4"
ST_WNT_CA2_CYCLIC_GMP_PATHWAY,0.2514272648147875,0.7869049291320865,0.4907727095139819,1.1879757447343433,102260,13,"ITPR1, PDE6G, CFB, ITPKB, NFAT5"
KEGG_LEISHMANIA_INFECTION,0.2516283489624386,0.7869049291320865,-0.37612463294361825,-1.1403855792978226,170793,56,"HLA-DMB, CYBA, HLA-DRB1, ITGAM, TGFB3, HLA-DPB1, HLA-DOB, TGFB1, IL1B, HLA-DRB5, PTGS2, ITGB2, HLA-DMA, MAPK3, C3"
KEGG_ASTHMA,0.253596452570554,0.7869049291320865,-0.5535353590716396,-1.1993318959845123,148464,11,"HLA-DMB, HLA-DRB1, HLA-DPB1, HLA-DOB, HLA-DRB5, HLA-DMA"
REACTOME_CITRIC_ACID_CYCLE_TCA_CYCLE,0.2536755503714404,0.7869049291320865,-0.4798184022383053,-1.1796890006271932,155063,19,"IDH2, OGDH, SUCLG2, SDHA, SDHC, IDH3G"
BIOCARTA_SPPA_PATHWAY,0.2540240057977748,0.7869049291320865,-0.47967944513494465,-1.1793473585275387,155276,19,"F2R, SYK, PLCB1, ITGA1, GNAI1, MAPK3"
REACTOME_ACTIVATED_NOTCH1_TRANSMITS_SIGNAL_TO_THE_NUCLEUS,0.25414046465347756,0.7869049291320865,-0.4486337173572643,-1.168761550768728,158865,25,"CNTN1, DTX1, DTX4, JAG2, APH1B"
REACTOME_N_GLYCAN_ANTENNAE_ELONGATION_IN_THE_MEDIAL_TRANS_GOLGI,0.25437465188446545,0.7869049291320865,-0.5009695549586893,-1.185186533407432,153450,16,"ST8SIA2, FUT8, B4GALT2, MGAT3, MGAT4B, MGAT5, ST8SIA6"
REACTOME_NEURONAL_SYSTEM,0.2550965577265102,0.7869049291320865,-0.3102601070803547,-1.1012769975291312,202237,184,"KCNK2, KCNS1, CACNA2D3, GRIK2, KCNJ8, SLC17A7, SYN1, CACNG8, ABCC9, GABRB1, ADCY2, NCALD, GRIN2D, AKAP5, GNB3, CAMK2B, VAMP1, PLCB1, CHRNB4, KCNK3, CACNG4, KCNJ4, ADCY5, KCNN4, KCNH3, RRAS, KCND3, CACNA1B, KCNMB4, MAOA, GRIN2A, GNAI1, GLUL, KCNH1, KCNC4, KCNQ4, CALM3, KCNJ12, GNAL, KCNK6, GABRA3, PRKACB, STX1B, KCNK7, KCNJ11, GNAI2, KCNJ15, ABAT, GABBR1, SYT1, RPS6KA6, STX10, KCNAB2, AP2A1, 
HCN2"
REACTOME_NRIF_SIGNALS_CELL_DEATH_FROM_THE_NUCLEUS,0.2556610141244115,0.7869049291320865,-0.5089399615937722,-1.1861375611337013,153402,15,"NGF, NGFR, APH1B, ITGB3BP"
KEGG_METABOLISM_OF_XENOBIOTICS_BY_CYTOCHROME_P450,0.25745486962335634,0.7869049291320865,-0.4063530773545786,-1.1501209939367436,167503,38,"UGT2B15, GSTM4, ALDH3A1, UGT1A10, ALDH3B1, ALDH1A3, ALDH3B2, AKR1C2, CYP2S1, DHDH, GSTO1, GSTZ1, UGT1A6, UGT1A1"
BIOCARTA_NDKDYNAMIN_PATHWAY,0.2581521828808285,0.7869049291320865,-0.49169182157728336,-1.1793354307957076,156448,17,"DNM1, BIN1, PPP3CC, CALM3, AP2A1, SYNJ2, CALM2"
PID_LYSOPHOSPHOLIPID_PATHWAY,0.2585556111067255,0.7869049291320865,-0.36947293163876216,-1.1327579395391052,176865,60,"ADCY2, GNAO1, MAPT, GNA15, ADCY5, TIAM1, GNAI1, MMP2, GNAI2, GNAZ, PRKD1, PLD2, EGFR, AKT1, PLCB3, LPAR1, MAGI3, ADCY1, PTK2B, RHOA, ADCY7, PXN, ADCY6"
REACTOME_SHC_MEDIATED_CASCADE,0.25867470758295097,0.7869049291320865,-0.49922825904944185,-1.1810670007095065,156044,16,"KL, FGFR3, FGF18, FGFR4, FGF9"
REACTOME_ANTIGEN_PROCESSING_UBIQUITINATION_PROTEASOME_DEGRADATION,0.2587255136921505,0.7869049291320865,-0.30966664141067296,-1.0991704744024746,205114,184,"TMEM189-UBE2V1, UBA7, FBXO17, FBXO2, RNF182"
REACTOME_APOPTOTIC_CLEAVAGE_OF_CELL_ADHESION_PROTEINS,0.2594158710555135,0.7869049291320865,0.512711687458081,1.1880720282884123,107544,11,"DSG3, PKP1, TJP1"
PID_ECADHERIN_STABILIZATION_PATHWAY,0.2596082168409889,0.7869049291320865,-0.40569532193474445,-1.148259316594094,168904,38,"KIFC3, AQP5, LIMA1, PLEKHA7, AQP3, ACTN1, EGF, EGFR, MGAT3, VCL, EFNA1, RHOA, IGF1R, DIAPH1"
BIOCARTA_PPARA_PATHWAY,0.25969018891721535,0.7869049291320865,0.342186645472343,1.1179523265586526,86889,47,"LPL, NOS2, STAT5A, MYC, ME1, CPT1B, JUN, MED1, PDGFA"
BIOCARTA_HSP27_PATHWAY,0.26017690489534345,0.7869049291320865,0.49892894723957726,1.1828033904975859,106773,12,"ACTA1, BCL2, IL1A, CASP9, MAPKAPK2, CYCS"
REACTOME_PURINE_CATABOLISM,0.26109713926438227,0.7869049291320865,-0.598869856805574,-1.2010878325720435,149498,8,"GDA, PNP, XDH, NT5C, GPX1, NT5E, CAT"
REACTOME_TERMINATION_OF_O_GLYCAN_BIOSYNTHESIS,0.26110117785847264,0.7869049291320865,-0.5157999218476822,-1.1829385374440653,155814,14,"MUC5B, MUC4, MUC21, MUC16, ST6GALNAC2, ST6GALNAC4, MUCL1, ST3GAL3, ST3GAL2"
BIOCARTA_TEL_PATHWAY,0.26236510216705605,0.7886985224772085,0.4407161648779737,1.1591270532540614,102642,18,"BCL2, MYC, TERT, TP53, TNKS"
BIOCARTA_GLYCOLYSIS_PATHWAY,0.2628995074924028,0.7886985224772085,-0.5980003772873043,-1.199344012511313,150530,8,"PGAM1, HK1, GAPDH, TPI1, PGK1, PFKL, ENO1, GPI"
BIOCARTA_LEPTIN_PATHWAY,0.26366497046265425,0.7891889869327391,0.5653453124366321,1.201543029987691,112696,8,"PRKAA2, PRKAB2, PRKAB1, CPT1A, PRKAA1"
REACTOME_ACTIVATION_OF_KAINATE_RECEPTORS_UPON_GLUTAMATE_BINDING,0.2644388192742669,0.7897022598372753,-0.4586248871475514,-1.1638331985923145,163698,22,"GRIK2, NCALD, GNB3, PLCB1"
REACTOME_ETHANOL_OXIDATION,0.2657263732850001,0.7917438076741707,0.64984026170134,1.2173744123481887,118898,5,"ALDH1A1, ADH7"
REACTOME_FGFR_LIGAND_BINDING_AND_ACTIVATION,0.266930127341236,0.7935269771980962,-0.5611710522430647,-1.1884423404837037,155284,10,"KL, FGFR3, FGF18, FGFR4, FGF9"
PID_EPHA_FWDPATHWAY,0.2687246722288439,0.7968146704991079,-0.43530053865518314,-1.1523264032716027,169094,27,"LCK, NGEF, PIK3R5, EPHA3, EFNA3, EPHA1, VAV3"
KEGG_ALLOGRAFT_REJECTION,0.2695122348571242,0.7968146704991079,-0.4675840281680551,-1.1624022865076253,165431,20,"HLA-DMB, HLA-DRB1, HLA-G, HLA-DPB1, HLA-DOB, HLA-DRB5, HLA-F, HLA-DMA"
BIOCARTA_IL5_PATHWAY,0.2706545634428112,0.7968146704991079,-0.6414039346196605,-1.1989364354230108,151555,6,"CCR3, HLA-DRB1, CD4, IL1B"
REACTOME_TRANSPORT_OF_GLUCOSE_AND_OTHER_SUGARS_BILE_SALTS_AND_ORGANIC_ACIDS_METAL_IONS_AND_AMINE_COMPOUNDS,0.2709908575021712,0.7968146704991079,0.3262714847512871,1.1026286961443166,87054,56,"SLC2A10, SLC44A4, SLC6A15, SLC22A3, SLC16A1, RHCG, SLC6A11, SLC47A2, SLC6A9, HEPH"
REACTOME_IRON_UPTAKE_AND_TRANSPORT,0.2716923230596775,0.7968146704991079,0.3731402308257333,1.1244230782477418,97918,32,"ATP6V0A4, HEPH, ATP6V1G2, ATP6V1E2, ATP6V0A2, FTH1, HMOX1"
REACTOME_NUCLEAR_SIGNALING_BY_ERBB4,0.2725641918858055,0.7968146704991079,0.3791485994270678,1.1259322570001606,99368,30,"ERBB4, HBEGF, STAT5A, NRG4, BTC, JAK2, ADAM17"
REACTOME_UNBLOCKING_OF_NMDA_RECEPTOR_GLUTAMATE_BINDING_AND_ACTIVATION,0.27260077063533267,0.7968146704991079,-0.615291346800547,-1.1939406001502184,154369,7,"GRIN2D, CAMK2B, GRIN2A"
BIOCARTA_TOB1_PATHWAY,0.2728983882945076,0.7968146704991079,-0.5584518905276896,-1.1826837274899344,158756,10,"TGFB3, TGFB1, TOB1"
PID_FAS_PATHWAY,0.2739173766873486,0.7979881344932455,-0.40855717115983664,-1.1384998711369985,176722,35,"FAIM2, SYK, MAPK10, PIK3R3"
REACTOME_SYNTHESIS_OF_PE,0.27451765725129956,0.7979881344932455,-0.5576788050153791,-1.1810464948636756,159698,10,"PHOSPHO1, CHKB"
REACTOME_TRANSPORT_OF_VITAMINS_NUCLEOSIDES_AND_RELATED_MOLECULES,0.27513072490622914,0.7980008414868726,0.40685925677156687,1.1360031934128647,104232,23,"SLCO1B3, SLCO2A1, SLCO3A1, SLC29A3, SLC35A2, SLC33A1, SLC27A4"
KEGG_NICOTINATE_AND_NICOTINAMIDE_METABOLISM,0.27676993330924143,0.7996070770960747,-0.4771811927709515,-1.1592243062442453,168491,18,"NNMT, QPRT, NT5M, ENPP3, PNP, NMNAT3"
SA_TRKA_RECEPTOR,0.27690435774341565,0.7996070770960747,-0.4917975565912677,-1.1634875522180474,167041,16,"NGF, NGFR"
REACTOME_FACILITATIVE_NA_INDEPENDENT_GLUCOSE_TRANSPORTERS,0.2798086443521549,0.8062178741663188,-0.5553496873578777,-1.1761139132041643,162776,10,"SLC2A3, SLC2A12, SLC2A6, SLC2A5, SLC2A9, SLC2A4"
REACTOME_CS_DS_DEGRADATION,0.2813668513763121,0.8067151490693472,-0.5709081283042012,-1.1781785388928696,162382,9,CSPG4
REACTOME_ADP_SIGNALLING_THROUGH_P2RY1,0.28140137317902003,0.8067151490693472,0.42673497347534434,1.1377591862754806,109389,19,"P2RY1, GNB4, PLA2G4A, GNG4, GNG11"
REACTOME_HYALURONAN_METABOLISM,0.2818272603156072,0.8067151490693472,0.5023170498546239,1.1639852393913444,116835,11,"HAS2, CD44"
BIOCARTA_NOS1_PATHWAY,0.2835178553828969,0.8097862928256598,-0.47454050694657113,-1.152809243707936,172599,18,"GRIN2D, GRIN2A, DLG4, PPP3CC, CALM3, PRKACB"
ST_JAK_STAT_PATHWAY,0.28436621719497784,0.8104437190056869,-0.5695341473696119,-1.1753430654257297,164113,9,"JAK3, PIAS3, REG1A, PTPRU, CISH"
REACTOME_SIGNALING_BY_ERBB4,0.2867455507719308,0.8138548113226247,0.2997724900776587,1.0797588056744547,83653,80,"ERBB4, TRIB3, HBEGF, STAT5A, AKT3, NRG4, BTC, JAK2, SOS1, ADAM17, NEDD4, EREG, PDPK1, THEM4, MAPKAP1, TSC2, CREB1, PSEN2, FOXO3, CASP9, PSENEN, WWOX"
REACTOME_RETROGRADE_NEUROTROPHIN_SIGNALLING,0.2875266040127221,0.8138548113226247,-0.5381732458189946,-1.1660471706066724,168328,11,"NGF, DNM1"
REACTOME_AMINE_DERIVED_HORMONES,0.28806291866755007,0.8138548113226247,-0.6331311197664464,-1.1834725777575468,161303,6,"TPO, SLC5A5, DDC"
REACTOME_ASSOCIATION_OF_LICENSING_FACTORS_WITH_THE_PRE_REPLICATIVE_COMPLEX,0.2881170183708386,0.8138548113226247,-0.5044741140198641,-1.156963863971416,171936,14,"E2F2, E2F1, CDC6, CDT1, ORC1, GMNN"
REACTOME_INTERACTION_BETWEEN_L1_AND_ANKYRINS,0.2888254883645372,0.8138548113226247,0.4381836920332315,1.136026226446337,113787,17,"SCN3B, SCN8A, ANK3, KCNQ2"
KEGG_COMPLEMENT_AND_COAGULATION_CASCADES,0.2892878276707423,0.8138548113226247,-0.3967745242401941,-1.1230103464670336,188214,38,"F2R, TFPI, C1R, SERPINE1, SERPINF2, THBD, F10, PLAUR, PLAU, PROC, C3, CFH, CD59, C2, BDKRB1, F12, BDKRB2, VWF, C4B, PLAT, PROS1"
PID_S1P_S1P2_PATHWAY,0.29296026285734594,0.8224216372719069,-0.44845500118627973,-1.1380255042448904,181354,22,"GNAO1, GNA15, GNAI1, MAPK3, GNAI2, GNAZ"
ST_GRANULE_CELL_SURVIVAL_PATHWAY,0.2950435284175509,0.824353641345919,0.38728377923612234,1.113063760010238,109975,26,"CAMP, MAPK8IP1, FOS, JUN, MAPK8, CERK, ITPKB, CREB1, APC"
BIOCARTA_IL4_PATHWAY,0.29523295470172445,0.824353641345919,-0.5484007882150167,-1.1613976053545036,171749,10,"IL2RG, JAK3, IL4R, AKT1, STAT6"
BIOCARTA_GABA_PATHWAY,0.2955348676068512,0.824353641345919,-0.6296230641687599,-1.1769151878717956,165487,6,"DNM1, GABRA3, GPHN, GABARAP"
REACTOME_SIGNALING_BY_NOTCH,0.29646487949995914,0.82516087069758,-0.33411776288370615,-1.093567030844951,213958,93,"CNTN1, DTX1, ST3GAL6, MAMLD1, HEY2, ATP2A3, HDAC9, DTX4, JAG2, E2F1, MFNG, APH1B, ATP2A1, HEYL, NOTCH3, MAML2, LFNG, ARRB1, TLE2, ST3GAL3, TLE1"
ST_GAQ_PATHWAY,0.2980146229170612,0.82516087069758,0.3903321131016748,1.1118737995252388,111722,25,"ITPR1, PITX2, AKT3, CFB, NFKBIL1, PDPK1, ITPKB, NFKBIB"
REACTOME_SCFSKP2_MEDIATED_DEGRADATION_OF_P27_P21,0.2989892040408114,0.82516087069758,-0.36829425606878646,-1.1062389861911417,201643,53,"CCNA1, PSMB9, CCNA2, CCNE2, CDK2, SKP2, PSMA2, CDKN1B, PSME1, CCNE1, PSMB8, PSMB5, CKS1B, PSMB6, PSMB7, PSME2, PSMB2, PSMD2, PSMB1, PSMB10, PSMC2, PSMC3"
BIOCARTA_INTRINSIC_PATHWAY,0.29917810356641317,0.82516087069758,-0.5207746962285543,-1.1523111026658435,176398,12,"F2R, COL4A1, F10, COL4A6, PROC, COL4A4, F12"
REACTOME_G1_PHASE,0.29929413655760584,0.82516087069758,-0.3987090597825176,-1.1170814218316008,193645,36,"CDKN2A, CDKN2C, E2F2, E2F1, CCND3, SKP2, PPP2R1A, CDKN2D, PPP2R3B, CDKN1B, RB1, E2F3"
REACTOME_METABOLISM_OF_VITAMINS_AND_COFACTORS,0.299600743289129,0.82516087069758,-0.37230760078859876,-1.1072081344130664,200730,50,"SLC2A3, SLC19A3, QPRT, FASN, MOCS1, DHFR, SHMT1, THTPA, GSTO1, TPK1, DHFRP1, PANK1, NMNAT3"
BIOCARTA_NKCELLS_PATHWAY,0.3007966872662653,0.8258455656826686,-0.48228125965131974,-1.1409740344413777,181454,16,"SYK, LAT, MAPK3, KLRC2, VAV1, B2M, PTK2B, ITGB1, PTPN6"
REACTOME_APOPTOSIS_INDUCED_DNA_FRAGMENTATION,0.3015911693754721,0.8258455656826686,0.48072847906276234,1.1396558128970364,123769,12,"HIST1H1B, HIST1H1D, DFFA"
PID_IL12_2PATHWAY,0.301739150237985,0.8258455656826686,-0.3833619706143606,-1.109705941396124,198741,43,"HLA-DRB1, LCK, CD8A, CD4, STAT4, IL2RG, IL1R1, EOMES, IL1B"
REACTOME_OPIOID_SIGNALLING,0.30264084892243737,0.8265878186194071,-0.3576471517597557,-1.099467501638789,207482,61,"ADCY2, GNAO1, PPP1R1B, GNB3, PDE4D, PLCB1, ADCY5, GNAI1, CALM3, GNAL, PRKACB, GNAI2, GNAZ, PPP2R1A, PLCB3, ADCY1, GNB5, ADCY7, PPP1CA, CALM2, PPP2R5D, ADCY6, GNB2, GNG7, PRKACA"
BIOCARTA_FEEDER_PATHWAY,0.3039908136459503,0.8285487665069458,-0.6257234383492015,-1.1696258601529732,170222,6,"PGM1, PYGL, KHK, HK1, TPI1"
KEGG_RETINOL_METABOLISM,0.3053169567810856,0.8299661953727858,0.37680751648727684,1.101832670829669,112606,28,"ALDH1A1, LRAT, CYP3A5, CYP2C18, DHRS3, UGT1A7, UGT2B11, ADH7, CYP1A1, DHRS4L2, CYP1A2, RETSAT, CYP26A1, DGAT2"
REACTOME_FRS2_MEDIATED_CASCADE,0.30622520084010285,0.8299661953727858,-0.43488591490232786,-1.1236445297913176,190856,24,"KL, FGFR3, FGF18, FGFR4, FGF9, MAPK3, CDK1"
REACTOME_MEIOSIS,0.30669946895418954,0.8299661953727858,-0.34993401832183085,-1.0943572710356508,213053,68,"H3F3AP6, SMC1B, HIST1H4C, HIST1H4J, HSPA2, SYNE1, HIST1H2BJ, LMNB1, SUN2, STAG3, MND1, CDK2, LMNA, REC8, BLM, H2AFX, SYNE2, RPA3, HIST1H2BK, RAD51, SMC1A, H3F3A, TERF1, HIST2H3C, TEX15, MSH5"
KEGG_RIBOFLAVIN_METABOLISM,0.3074166565403816,0.8299661953727858,0.4566592265553012,1.1268370007507935,123962,14,"ACPP, ENPP1, FLAD1, ACP5, MTMR7"
BIOCARTA_KREB_PATHWAY,0.3079010793251598,0.8299661953727858,-0.5769351694648809,-1.1570958270022396,176297,8,"IDH2, OGDH, SDHA, MDH1, ACO2, CS, FH, SUCLA2"
REACTOME_CREB_PHOSPHORYLATION_THROUGH_THE_ACTIVATION_OF_CAMKII,0.3083093342078922,0.8299661953727858,-0.5290396410559709,-1.1462576064205972,180495,11,"GRIN2D, CAMK2B, GRIN2A, CALM3"
REACTOME_CDC6_ASSOCIATION_WITH_THE_ORC_ORIGIN_COMPLEX,0.31232854717322756,0.8378552669138492,-0.5273634226959208,-1.142625783970782,182848,11,"E2F2, E2F1, CDC6, ORC1, ORC6, MCM8, E2F3"
REACTOME_TCA_CYCLE_AND_RESPIRATORY_ELECTRON_TRANSPORT,0.3130633813929937,0.8378552669138492,-0.3271928533236236,-1.081602204641111,228143,100,"IDH2, UCP2, ADHFE1, SLC16A3, OGDH, ETFB, NDUFA3, PDK2, LDHA, SUCLG2, D2HGDH, UQCRHL, COX8A, NDUFB6, NDUFA4, NDUFS5, NDUFA1, NDUFA2, SDHA, NDUFB3, SDHC, NDUFB1, IDH3G, L2HGDH, NDUFC2, COX7B, UQCRC1, COX6B1, PDK3, NDUFA6, NDUFC1, UQCRQ, NDUFA7, NDUFS8, COX7C, NDUFB4, PDHB, NDUFS6, NDUFA13, NDUFAB1, BSG, UQCR11, NDUFB8, UQCRH, ACO2, NDUFB5, NDUFA11, NDUFA12, CYC1, DLAT, NDUFV2, SDHD, COX6A1, LDHB, 
NDUFA9, CS, PDK4, FH"
BIOCARTA_CCR5_PATHWAY,0.31315719358336086,0.8378552669138492,-0.49431189670033115,-1.13365777573066,186879,14,"CXCL12, CXCR4, CCL2, CALM3"
BIOCARTA_SET_PATHWAY,0.31412707533762296,0.8387384842517794,0.5199743193484336,1.1413554356593578,132838,9,"PRF1, DFFA, CREBBP, DFFB"
PID_NECTIN_PATHWAY,0.315366390928971,0.8403360538778069,-0.4278010740245052,-1.1144892310874637,197138,25,"PDGFRB, PDGFB"
BIOCARTA_INFLAM_PATHWAY,0.3166259189189642,0.8419808918920122,-0.492975652322259,-1.1305932251107176,188949,14,"HLA-DRB1, IL7, CD4, TGFB3, TGFB1, IL15"
BIOCARTA_GRANULOCYTES_PATHWAY,0.3177616963866315,0.8432906557952912,-0.5943420872964909,-1.1532896604042977,179943,7,"ITGAM, SELL, ITGB2"
REACTOME_PROLONGED_ERK_ACTIVATION_EVENTS,0.3191990538453957,0.8453938577602298,-0.46127237912966773,-1.1205767573972432,194321,18,"NGF, MAPK3, CDK1"
REACTOME_PLATELET_HOMEOSTASIS,0.3207545446797112,0.8459229876722263,0.3230013582191096,1.072208485310968,105372,51,"NOS3, PDE11A, NOS2, PDE6G, PRKG2, GNB4, GUCY1A2, PDE10A, SLC8A2, PLA2G4A, PDE3B, NOS1, GNG4"
KEGG_NOD_LIKE_RECEPTOR_SIGNALING_PATHWAY,0.3211751467212551,0.8459229876722263,-0.36846477282711343,-1.0917065797784906,214632,49,"PSTPIP1, PYCARD, MAPK10, NOD2, PYDC1, NAIP, IL1B, CCL2, TNFAIP3, MAPK3, NLRP1, CXCL1"
REACTOME_HORMONE_SENSITIVE_LIPASE_HSL_MEDIATED_TRIACYLGLYCEROL_HYDROLYSIS,0.32205172834252216,0.8459229876722263,0.49947954216481166,1.1276665275090227,134701,10,"PLIN1, ABHD5, LIPE"
PID_AJDISS_2PATHWAY,0.32208362462987095,0.8459229876722263,-0.37459472711487185,-1.0932760186357227,213305,45,"RET, SLIT1, BDNF, TIAM1, EGF, EGFR, MMP7, ROBO1, ADAM10, CDC42, PTPN6, IGF1R, DNM2, DSP, CTNND1, RIN2, CTNNB1"
PID_HNF3A_PATHWAY,0.32262509064539524,0.8459229876722263,0.3568715318646104,1.0827836873401164,115673,33,"SHH, CEBPB, FOS, CYP2C18, XBP1, JUN, FOXA3, FOXA2, NFIB, NFIA, C4BPB, CREBBP, EP300, NR2F2, NKX3-1"
REACTOME_NEF_MEDIATES_DOWN_MODULATION_OF_CELL_SURFACE_RECEPTORS_BY_RECRUITING_THEM_TO_CLATHRIN_ADAPTERS,0.32441432341728843,0.8461771485208406,-0.44781319946605364,-1.1132524971544757,199131,20,"LCK, CD4, AP1S1, B2M, AP2A1"
REACTOME_E2F_ENABLED_INHIBITION_OF_PRE_REPLICATION_COMPLEX_FORMATION,0.32468921037432275,0.8461771485208406,-0.5356883333004305,-1.1344752977771688,188885,10,"CCNB1, CDK1, ORC1, ORC6, CDC25A, MCM8"
REACTOME_INSULIN_RECEPTOR_RECYCLING,0.3250125588453113,0.8461771485208406,0.4063459888817025,1.096905130008013,125513,20,"ATP6V0A4, ATP6V1G2, ATP6V1E2, ATP6V0A2"
REACTOME_TRYPTOPHAN_CATABOLISM,0.32576554438612687,0.8461771485208406,-0.6155673432737939,-1.1506417040380799,182415,6,"KMO, KYNU, HAAO, AADAT"
KEGG_TASTE_TRANSDUCTION,0.326482640638676,0.8461771485208406,-0.4725200450257803,-1.1178810939435406,196949,16,"SCNN1G, GRM4, GNB3, CACNA1B, SCNN1A, PRKACB"
BIOCARTA_CLASSIC_PATHWAY,0.3265946889027806,0.8461771485208406,-0.5902333542160103,-1.1453168792730914,184945,7,"C1R, C3, C2, C4B, C1S"
BIOCARTA_IL6_PATHWAY,0.3276494320911174,0.8469140649352949,0.39532144913461786,1.0918887230152003,124820,22,"CEBPB, IL6, FOS, JAK2, SOS1, JUN, JAK1"
REACTOME_TIGHT_JUNCTION_INTERACTIONS,0.32817112508553,0.8469140649352949,-0.44650382901010005,-1.1099974347053816,201437,20,"CLDN16, CLDN11, CLDN3, CLDN2, CLDN9, CLDN4"
PID_IL1_PATHWAY,0.32955318792882243,0.8488098808932931,0.3552073419386382,1.0777343697465738,118157,33,"TICAM2, IRAK3, JUN, IL1A, MAPK8, IRAK1, CASP1, SQSTM1, IL1RAP, NFKB1, CHUK, TAB1, IKBKB"
PID_BETA_CATENIN_NUC_PATHWAY,0.33134381388871775,0.8517485098198215,-0.3420158073992417,-1.0768124352132948,231274,71,"CDKN2A, TCF7, SP5, ZCCHC12, MDFIC, SSPO, TCF4, MMP2, IGF2BP1, SALL4, INCENP, TCF7L1, AR, SFN, KCNIP4, CACNA1G, DKK1, TLE2, CYR61, AXIN2, TLE1, CTNNBIP1"
BIOCARTA_STEM_PATHWAY,0.33244993847785825,0.852089526043744,-0.6124290930456928,-1.1447755683022958,186158,6,"IL7, CD8A, CD4"
REACTOME_SIGNALING_BY_ERBB2,0.33277638240609986,0.852089526043744,0.2848722996589016,1.0513972731784194,92611,93,"ERBB4, TRIB3, FYN, HBEGF, PRKCG, AKT3, NRG4, BTC, SOS1, RNF41, EREG, PDPK1, THEM4, MAPKAP1, USP8, TSC2, CREB1, CUL5, PRKCE, CAMK4, FOXO3, CASP9, PRKAR2B"
PID_LPA4_PATHWAY,0.33533913160733547,0.8550936985915373,-0.49497554988394665,-1.1156738718638846,198949,13,"ADCY2, ADCY5, RPS6KA5, GNAL, ADCY1, ADCY7, ADCY6, PRKACA"
REACTOME_SIGNAL_ATTENUATION,0.3357927824752065,0.8550936985915373,0.46673950612532383,1.106492364050209,137805,12,"IRS2, GRB10, SHC2, SOS1"
REACTOME_L1CAM_INTERACTIONS,0.3359087664385923,0.8550936985915373,-0.34030389538942607,-1.0736106114298256,234813,72,"CNTN1, NCAM1, ITGA2B, DNM1, DPYSL2, SCN1B, NRCAM, SPTBN4, ITGA1, ANK1, SCN5A, MAPK3, RPS6KA5, KIF4A, ITGA2, LAMC1, L1CAM, NRP1, RPS6KA6, EGFR, AP2A1, SPTBN5, FGFR1, MSN, LAMA1, LAMB1, RPS6KA1, CNTN6, ITGB1"
BIOCARTA_RB_PATHWAY,0.33655861820994143,0.8550936985915373,-0.5051141261831487,-1.1176591718633584,198438,12,"CDK2, CDK1, CHEK1, WEE1, CDC25C, CDC25B, RB1, YWHAH"
REACTOME_SRP_DEPENDENT_COTRANSLATIONAL_PROTEIN_TARGETING_TO_MEMBRANE,0.3376109502751885,0.8561082317423058,0.27166566793473074,1.0440630029792992,84896,122,"RPS17, RPL17P36, RPSAP9, RPL21P16, RPL3L, SEC61A1, SRPRB, RPL21P75, RPS12, SEC11C, SRP72, RPL26, RPS18, RPL10P9, RPL21, SRP19, RPL4, RPS27AP11, RPS23, RPSAP12, RPL26L1, RPL12, RPLP1, RPLP0, RPL14, RPL10, RPS24, RPN2, RPL23AP2, RPL37A, SEC61A2, RPS3A, RPS6, RPL5P1, RPS27, RPL19, RPS7, SSR3, RPL5, RPL36A, SSR1, RPS8, RPS27A, RPL3, RPL37, RPL7, RPL13A, RPS15A, RPL6, RPL11, RPL30, RPS4X, RPL22, 
SEC61B, RPL13, RPS19, RPS13, RPL10A, RPS16, RPL23AP42, RPL36, FAU, RPL17, RPS14, RPL24, RPS5, RPL10P16, RPL27A, RPL32"
BIOCARTA_BAD_PATHWAY,0.338670771806256,0.8571378027760649,-0.43775788555497885,-1.0998183640011334,208777,21,"KIT, IL3RA, KITLG, MAPK3, PRKACB, BAD, AKT1, ADCY1, RPS6KA1"
REACTOME_NCAM1_INTERACTIONS,0.3394056416368693,0.8573425745393751,-0.412744017507066,-1.0926148417715165,213570,27,"COL1A1, NCAM1, COL4A1, COL6A1, NRTN, AGRN, COL9A3, ST8SIA2, COL5A1, COL4A4, CACNA1G, PSPN, CACNA1H, CACNB3, ARTN, COL3A1, COL9A2, CACNB4"
REACTOME_TRANSFERRIN_ENDOCYTOSIS_AND_RECYCLING,0.34044083484049464,0.8583037201459394,0.39141535486959905,1.0810999831470631,129693,22,"ATP6V0A4, ATP6V1G2, ATP6V1E2, ATP6V0A2"
BIOCARTA_RANMS_PATHWAY,0.3414886960587475,0.8592930528464836,-0.528617351101736,-1.1195004436749383,198658,10,"KPNA2, AURKA, TPX2, RANGAP1, NUMA1, RANBP1, RAN"
BIOCARTA_EXTRINSIC_PATHWAY,0.34383509392780326,0.8620774077904578,-0.5824076553131364,-1.1301315208355365,194708,7,"F2R, TFPI, F10, PROC"
KEGG_TGF_BETA_SIGNALING_PATHWAY,0.34391036176537715,0.8620774077904578,-0.34032136989132344,-1.0689688485659872,239590,70,"BMP4, TGFB3, SMAD6, ID3, BMPR1B, BMP8B, CHRD, ACVR1C, TGFB1, AMH, SMAD7, FST, INHBA, NODAL, MAPK3, ID1"
REACTOME_PEPTIDE_CHAIN_ELONGATION,0.3455121770050782,0.8644398168962929,0.2802134570133127,1.043945331135171,93960,99,"RPS17, RPL17P36, RPSAP9, RPL21P16, RPL3L, RPL21P75, RPS12, RPL26, RPS18, RPL10P9, RPL21, RPL4, EEF1A1, RPS27AP11, RPS23, RPSAP12, RPL26L1, RPL12, RPLP1, RPLP0, RPL14, RPL10, RPS24, RPL23AP2, RPL37A, RPS3A, EEF2, RPS6, RPL5P1, RPS27, RPL19, RPS7, RPL5, RPL36A, RPS8, RPS27A, RPL3, RPL37, RPL7, RPL13A, RPS15A, RPL6, RPL11, RPL30, RPS4X, RPL22, RPL13, RPS19, RPS13, RPL10A, RPS16, RPL23AP42, RPL36, 
FAU, RPL17, RPS14, RPL24, RPS5, RPL10P16, RPL27A, RPL32"
BIOCARTA_CREB_PATHWAY,0.34676225056437393,0.8647386268496725,-0.42192219438833917,-1.0901492770316175,216121,24,"CAMK2B, MAPK3, RPS6KA5, PRKACB, AKT1, ADCY1, RPS6KA1"
REACTOME_CHONDROITIN_SULFATE_BIOSYNTHESIS,0.34698167254595125,0.8647386268496725,-0.46491191802869875,-1.0998818970419681,209315,16,"CSPG4, CHST9, CHST15, CHSY3, CSGALNACT1"
KEGG_ACUTE_MYELOID_LEUKEMIA,0.3480714511305287,0.8647386268496725,-0.35665706821916027,-1.0712845695073205,234745,53,"CEBPA, TCF7, KIT, CCNA1, PIK3R5, PIK3R3, PIM1, MAPK3, TCF7L1"
KEGG_GLYCOSAMINOGLYCAN_DEGRADATION,0.34856105653930813,0.8647386268496725,-0.4508333167499353,-1.095216967388096,212196,18,"HS3ST3A1, HPSE, HYAL2, ARSB, SGSH, NAGLU, GUSB, HEXB, GALNS"
REACTOME_STRIATED_MUSCLE_CONTRACTION,0.34924443183055737,0.8647386268496725,-0.45711811795767665,-1.0964095169140522,211653,17,"VIM, DES"
REACTOME_ARMS_MEDIATED_ACTIVATION,0.34958922366920403,0.8647386268496725,-0.46390882579176884,-1.0975087959239314,210888,16,"NGF, MAPK3, CDK1"
PID_ANGIOPOIETIN_RECEPTOR_PATHWAY,0.35153394265305477,0.8667597529399285,0.33487980909628373,1.0584748302811628,121654,40,"NOS3, FYN, ETS1, STAT5A"
KEGG_FOLATE_BIOSYNTHESIS,0.351728595395913,0.8667597529399285,-0.5243767425385826,-1.1105197260386221,204615,10,"ALPP, DHFR, GGH, FPGS, SPR"
REACTOME_CLASS_C_3_METABOTROPIC_GLUTAMATE_PHEROMONE_RECEPTORS,0.35259190349121217,0.8672570083995856,-0.7109001760120695,-1.1312026924411245,187232,3,"GRM4, GABBR1, GABBR2"
REACTOME_TRAF3_DEPENDENT_IRF_ACTIVATION_PATHWAY,0.354513998879115,0.8692693008176724,0.4592737548261,1.0887934191439446,145488,12,"IRF7, SIKE1, CREBBP, MAVS, EP300, TRIM25, RNF135, TBK1, TRAF3"
REACTOME_SIGNALING_BY_FGFR3_MUTANTS,0.3547361372520631,0.8692693008176724,-0.6310600777389701,-1.129655905421197,196012,5,"FGFR3, FGF18, FGF9"
PID_RXR_VDR_PATHWAY,0.35920643844909184,0.8785814194155959,0.3815444205567766,1.0653209260142602,136084,23,"BCL2, ABCA1, RARB, PPARG, MED1"
BIOCARTA_CTLA4_PATHWAY,0.3606482936882182,0.8804653873840858,-0.5536409755002084,-1.110377207551629,206499,8,"HLA-DRB1, LCK"
SA_FAS_SIGNALING,0.36275226354147694,0.8813989953961016,0.5391737818206481,1.1059120476090198,157333,7,"BCL2, CFLAR, CASP8"
KEGG_CHRONIC_MYELOID_LEUKEMIA,0.3630505264394527,0.8813989953961016,-0.3355982631640423,-1.0566072537962636,253405,71,"CDKN2A, TGFB3, SHC3, SHC4, PIK3R5, PIK3R3, TGFB1, E2F2, MECOM, E2F1, MAPK3"
REACTOME_PI3K_CASCADE,0.364048491475292,0.8813989953961016,0.3126625411436219,1.0457226330143854,118527,53,"TRIB3, FGFR2, IRS2, PRKAA2, EIF4EBP1, PRKAB2, PDE3B, FGF1"
REACTOME_FGFR4_LIGAND_BINDING_AND_ACTIVATION,0.36435751775570085,0.8813989953961016,-0.5976198242229148,-1.1170935242497735,204025,6,"FGF18, FGFR4, FGF9"
KEGG_OLFACTORY_TRANSDUCTION,0.365988856413559,0.8813989953961016,0.3888434824082121,1.0619642142077304,140370,21,"PDE1C, GUCA1B, PRKG2, CLCA4"
REACTOME_REGULATION_OF_INSULIN_LIKE_GROWTH_FACTOR_IGF_ACTIVITY_BY_INSULIN_LIKE_GROWTH_FACTOR_BINDING_PROTEINS_IGFBPS,0.3664378145713578,0.8813989953961016,-0.5182396624524523,-1.0975226803212008,213172,10,"MMP1, IGFBP5, IGFBP2, MMP2, IGFBP6, IGFBP4"
KEGG_STARCH_AND_SUCROSE_METABOLISM,0.3679963347087266,0.8813989953961016,0.357428568633911,1.0534857372454927,134937,29,"AMY2B, MGAM, PYGB, ENPP1, UGT1A7, UGT2B11"
REACTOME_MITOCHONDRIAL_PROTEIN_IMPORT,0.3680481326965384,0.8813989953961016,0.322837715628789,1.0455205420542508,124301,45,"HSPA9, GRPEL2, TIMM44, HSPD1, TIMM9, TIMM22, TIMM23B, CHCHD4, TIMM8A, PAM16, TIMM17A, BCS1L, HSCB, DNAJC19, FXN, SLC25A12, TIMM10, TOMM7, MTX2, GRPEL1, TIMM50, TOMM20"
REACTOME_THROMBIN_SIGNALLING_THROUGH_PROTEINASE_ACTIVATED_RECEPTORS_PARS,0.36845616218559585,0.8813989953961016,-0.41133148973385064,-1.0715833679493774,230325,25,"F2RL2, F2R, GNB3, GNA15"
PID_GMCSF_PATHWAY,0.3688066566812279,0.8813989953961016,-0.389161585552777,-1.0659334710121287,235887,32,"IRF8, SYK, CCL2, PIM1, MAPK3, CISH, PRKACB"
REACTOME_MYOGENESIS,0.3691717441595256,0.8813989953961016,-0.4327890385239026,-1.075902806018879,226604,20,"BOC, CDH4"
REACTOME_ANTIGEN_PROCESSING_CROSS_PRESENTATION,0.36954806928287237,0.8813989953961016,-0.33770065139997324,-1.0537114843441318,256261,67,"CYBA, HLA-G, CYBB, MRC2, ITGB5, PSMB9, HLA-F, CALR, B2M, PSMA2, CTSS"
PID_INTEGRIN2_PATHWAY,0.369796276271167,0.8813989953961016,-0.4377518383504037,-1.0762634911401856,226044,19,"ITGAM, F10, PLAUR, PLAU, PROC, ITGB2, C3, JAM3, CYR61, PLAT, ITGAX"
REACTOME_SPHINGOLIPID_DE_NOVO_BIOSYNTHESIS,0.37044305603604266,0.8813989953961016,-0.407102537550628,-1.0693606611026052,232362,26,"CERS3, DEGS2, SGPP2"
BIOCARTA_RACCYCD_PATHWAY,0.37133725050431043,0.8816553334970598,-0.4104633767649924,-1.069321796826944,232126,25,"E2F1, CDK2, MAPK3, AKT1, RHOA, CDKN1B, CCNE1, RB1, NFKBIA, TFDP1, CCND1"
KEGG_MAPK_SIGNALING_PATHWAY,0.37189580428975905,0.8816553334970598,-0.2883874982666209,-1.039814324163458,301711,216,"MAP4K1, NGF, CACNA2D3, PDGFRB, CACNG8, IL1R2, MAPT, MAPK10, TGFB3, PDGFB, RAC2, HSPB1, HSPA2, BDNF, FGFR3, NTF3, FGF18, CACNA1C, CACNG4, JMJD7-PLA2G4B, HSPA1A, MAP3K6, TGFB1, RRAS, IL1R1, IL1B, FGFR4, MECOM, CACNA1B, DUSP9, FGF9, DUSP4, MAP3K8, NFATC4, STMN1, MAPK3, PPP3CC, RPS6KA5, NFATC2, FLNB, FGF12, EGF, MAPK8IP2, CACNA1G, PRKACB, FLNA, PTPRR"
REACTOME_PHOSPHOLIPASE_C_MEDIATED_CASCADE,0.37312773083527434,0.8829791608755319,-0.3787697195152257,-1.061216459574861,241416,36,"KL, ADCY2, FGFR3, FGF18, ADCY5, FGFR4, FGF9, CALM3, PRKACB"
BIOCARTA_IL2_PATHWAY,0.3742460357060476,0.884029824884015,-0.4362560658790545,-1.072585961633897,228764,19,"LCK, SYK, IL2RG, JAK3, MAPK3"
REACTOME_MYD88_MAL_CASCADE_INITIATED_ON_PLASMA_MEMBRANE,0.3751663235100318,0.8846098023770715,-0.3282814665608634,-1.0479203294765698,264755,78,"TMEM189-UBE2V1, MAPK10, NOD2"
REACTOME_SYNTHESIS_OF_BILE_ACIDS_AND_BILE_SALTS_VIA_24_HYDROXYCHOLESTEROL,0.3771274585633408,0.8855393429191502,-0.5673891955680773,-1.1009889870837002,213561,7,"HSD3B7, CYP27A1, CYP39A1, SLC27A5"
REACTOME_VEGF_LIGAND_RECEPTOR_INTERACTIONS,0.3773223372521495,0.8855393429191502,0.5103845683833408,1.0847335376518514,161276,8,"PDGFC, VEGFA, NRP2"
BIOCARTA_MITOCHONDRIA_PATHWAY,0.3784126255739312,0.8855393429191502,0.3853361718054133,1.0523854543292928,145135,21,"BCL2, XIAP, CASP8, DFFA, BIK, CASP9, DFFB, BIRC2, CYCS"
REACTOME_METAL_ION_SLC_TRANSPORTERS,0.38028920164444785,0.8855393429191502,-0.43426738336666126,-1.06769655581981,232458,19,"SLC30A2, SLC39A2, SLC40A1"
PID_GLYPICAN_1PATHWAY,0.38039156383053613,0.8855393429191502,0.3847686088063862,1.0508353921023466,145894,21,"SLIT2, FYN, PRNP, VEGFA"
PID_P38_GAMMA_DELTA_PATHWAY,0.38224373607634976,0.8855393429191502,-0.5116320040099371,-1.0835290485521512,222367,10,"MAPT, STMN1, MAP2K3, MAPK12, EEF2K, CCND1, MAPK13"
REACTOME_MTORC1_MEDIATED_SIGNALLING,0.38261700187666137,0.8855393429191502,0.46044100614555006,1.0669487227619059,158619,11,"EIF4EBP1, RPS6, RHEB, MLST8, EIF4B"
REACTOME_JNK_C_JUN_KINASES_PHOSPHORYLATION_AND_ACTIVATION_MEDIATED_BY_ACTIVATED_HUMAN_TAK1,0.3828440481646598,0.8855393429191502,-0.4596228238004757,-1.0711988375934054,229715,15,"MAPK10, NOD2"
REACTOME_N_GLYCAN_ANTENNAE_ELONGATION,0.3832028520450737,0.8855393429191502,-0.48673196095047155,-1.07698520432605,225940,12,"ST8SIA2, B4GALT2, MGAT4B, MGAT5, ST8SIA6"
REACTOME_PHASE1_FUNCTIONALIZATION_OF_COMPOUNDS,0.38373036541995553,0.8855393429191502,-0.376044631227975,-1.0535814549923237,248276,36,"CYP4F8, CYP24A1, CYP4B1, PTGIS, CYP4F12, MAOA, CYP2S1, CYP7B1, PTGS2, CYP2W1, CYP26B1"
REACTOME_TGF_BETA_RECEPTOR_SIGNALING_IN_EMT_EPITHELIAL_TO_MESENCHYMAL_TRANSITION,0.3839006708053831,0.8855393429191502,-0.4592383845067632,-1.0703028617992858,230349,15,"TGFB1, CGN, SMURF1, RHOA, F11R, ARHGEF18, TGFBR2"
REACTOME_LATE_PHASE_OF_HIV_LIFE_CYCLE,0.38399430832084686,0.8855393429191502,0.27828781327938085,1.0270954683592148,106865,93,"TCEA1, TAF4B, GTF2H3, VPS37A, GTF2H1, TAF1, CTDP1, TAF12, NUPL2, NCBP2, NUP88, RAE1, ELL, TBP, GTF2A1, CDK7, ERCC3, RANBP2, SUPT4H1, TAF13, TSG101, MNAT1, TPR, RPS27AP11, CCNT1, POLR2D, NCBP1, POLR2G, SEH1L, NUP54, SUPT16H, RPS27A, GTF2B, POLR2B, GTF2H2, TAF11"
REACTOME_BILE_SALT_AND_ORGANIC_ANION_SLC_TRANSPORTERS,0.38434163701067614,0.8855393429191502,0.5556463047398742,1.0934858728090044,169127,6,"SLC16A1, SLC47A2, SLC13A3"
KEGG_ASCORBATE_AND_ALDARATE_METABOLISM,0.38540149676375407,0.8864234425566343,-0.4758256016214466,-1.07250992784882,228650,13,"UGT2B15, UGT1A10"
KEGG_O_GLYCAN_BIOSYNTHESIS,0.3866064231402342,0.8876375144253014,-0.4178071698335826,-1.0602517841683965,239325,22,"GALNT9, GCNT3, GCNT1, ST6GALNAC1, GALNT6, GALNT2"
REACTOME_ADVANCED_GLYCOSYLATION_ENDPRODUCT_RECEPTOR_SIGNALING,0.38792835449697494,0.8886706743335829,-0.49639240662788153,-1.075521620139685,227107,11,"MAPK3, AGER, HMGB1, SAA1, APP, MAPK1, CAPZA2"
REACTOME_NCAM_SIGNALING_FOR_NEURITE_OUT_GROWTH,0.38889567317859197,0.8886706743335829,-0.350072554940616,-1.0446953156493899,261137,51,"COL1A1, NCAM1, COL4A1, SPTBN4, COL6A1, NRTN, AGRN, COL9A3, ST8SIA2, COL5A1, COL4A4, MAPK3, RPS6KA5, CDK1, CACNA1G, PSPN, CACNA1H, SPTBN5, FGFR1, CACNB3, ARTN, COL3A1, COL9A2, CACNB4"
REACTOME_G_ALPHA_Q_SIGNALLING_EVENTS,0.3890899825076099,0.8886706743335829,-0.31536943275429435,-1.0382596404770001,282490,97,"NTSR1, EDN2, F2RL2, KISS1, F2R, NMU, TACR2, ADRA1D, GNB3, NPFFR1, P2RY2, PLCB1, PIK3R3, LTB4R2, EDNRB, GNA15, XCL1, GPR68, PTAFR, NMB, DGKI, LPAR6, ARHGEF25, GPR132, HRH1, DGKA, BDKRB1"
KEGG_LINOLEIC_ACID_METABOLISM,0.389851053053437,0.8888604009618363,0.4356129073358006,1.0544546548250906,158560,13,"PLA2G4E, CYP3A5, PLA2G4A, CYP2C18"
REACTOME_TRAFFICKING_AND_PROCESSING_OF_ENDOSOMAL_TLR,0.39268399175661045,0.8937651270710352,-0.5395821238722386,-1.0821809050688804,224842,8,"CTSS, TLR3, CNPY3, CTSB, HSP90B1"
KEGG_GLYCOSPHINGOLIPID_BIOSYNTHESIS_GANGLIO_SERIES,0.3963541666666667,0.8989935439332859,-0.4717825340312649,-1.06339686181232,235148,13,"ST8SIA1, B3GALT4, ST3GAL5, ST6GALNAC4"
REACTOME_SIGNALLING_TO_RAS,0.39694256102363146,0.8989935439332859,-0.39944584246314085,-1.049248360722758,248984,26,"NGF, SHC3, MAPK3, CDK1"
BIOCARTA_ARF_PATHWAY,0.39712522876163703,0.8989935439332859,-0.44716448686389215,-1.0578952808675808,239564,16,"CDKN2A, TBX2, E2F1"
BIOCARTA_GCR_PATHWAY,0.398190395947767,0.8989935439332859,0.41549573279330165,1.0435444943567271,159266,15,"NOS3, ANXA1"
REACTOME_METABOLISM_OF_AMINO_ACIDS_AND_DERIVATIVES,0.3987695526330953,0.8989935439332859,0.25614141288929126,1.0172169100955077,89965,156,"AGMAT, DIO2, INHBE, DIO3, SMOX, CTH, CPS1, GPT2, BCAT1, HGD, CKMT2, ASNS, PSPH, PSAT1, GOT1, AMDHD1"
REACTOME_EFFECTS_OF_PIP2_HYDROLYSIS,0.39951975794988426,0.8989935439332859,0.4013517177704836,1.040536390802009,157397,17,"RASGRP1, DGKG, DGKE, DGKQ, DGKH, PRKCE, DGKD, DAGLB"
BIOCARTA_NGF_PATHWAY,0.4001227653894006,0.8989935439332859,-0.43947161847405825,-1.0540839358136997,242487,17,"NGF, NGFR, MAPK3"
BIOCARTA_IL12_PATHWAY,0.40046699439896183,0.8989935439332859,0.453718198593676,1.0513704166703353,166019,11,"ETV5, IL18, JAK2, JUN, MAPK8"
SA_G2_AND_M_PHASES,0.4056044570191065,0.907034674205786,-0.5339191475325743,-1.0708232922245888,232240,8,"CDK1, CHEK1, WEE1, CDC25A, CDC25B"
REACTOME_SYNTHESIS_OF_BILE_ACIDS_AND_BILE_SALTS_VIA_7ALPHA_HYDROXYCHOLESTEROL,0.4059453633720427,0.907034674205786,-0.516725060598202,-1.0663613753639372,234279,9,"HSD3B7, CYP27A1, SCP2, SLC27A5, HSD17B4, SLC27A2, AMACR"
PID_FANCONI_PATHWAY,0.40612460240945564,0.907034674205786,-0.35769136843371785,-1.0353980497880344,267495,43,"SSPO, UBE2T, FANCB, BLM, H2AFX, RFC2, CHEK1, FANCC, BRIP1, RFC5, FANCI, RFC3, FANCD2, RPA1, FANCA, FANCE, RPA2, XRCC3, FANCG"
REACTOME_VIF_MEDIATED_DEGRADATION_OF_APOBEC3G,0.4076585566438875,0.9089089470582,-0.352848228945253,-1.033895223358819,270648,46,APOBEC3G
BIOCARTA_CALCINEURIN_PATHWAY,0.4088185953372411,0.9089089470582,-0.44314357951764305,-1.0483826763755844,246618,16,"NFATC4, PPP3CC, CALM3, NFATC2"
PID_SYNDECAN_3_PATHWAY,0.4091639925917383,0.9089089470582,-0.47686043670953904,-1.055142616609251,241247,12,PTN
ST_PHOSPHOINOSITIDE_3_KINASE_PATHWAY,0.40973698528710617,0.9089089470582,0.33507009774403185,1.0230999351809094,146094,34,"CD55, RPS6KA2, IARS, DAPP1, AKT3, NR4A3, SOS1, SOS2, PDPK1"
REACTOME_PLC_BETA_MEDIATED_EVENTS,0.4123074729256985,0.9107852434088402,-0.3710069656048062,-1.0338611395141852,266007,35,"ADCY2, GNAO1, PLCB1, ADCY5, GNAI1, CALM3, PRKACB, GNAI2, GNAZ, PLCB3, ADCY1, ADCY7, CALM2, ADCY6"
PID_SMAD2_3NUCLEAR_PATHWAY,0.4131992242843219,0.9107852434088402,0.2856962918730848,1.0155606239087924,123365,74,"MEF2C, ATF3, HNF4A, RUNX3, CEBPB, FOS, IRF7, MYC, E2F5, CITED1, TGIF1, DLX1, JUN"
KEGG_DRUG_METABOLISM_OTHER_ENZYMES,0.41417042596227177,0.9107852434088402,-0.38522374620574396,-1.0347234104852148,262301,29,"UGT2B15, CES1, UGT1A10, TK1, TYMP, XDH, DPYD, UGT1A6, CDA, UGT1A1"
PID_ILK_PATHWAY,0.4142592129871507,0.9107852434088402,-0.35432842825653077,-1.0298913788111264,273553,44,"MYL9, ARHGEF6"
PID_TXA2PATHWAY,0.41452353660110375,0.9107852434088402,-0.3557888195403538,-1.0298908008363992,273027,43,"TGM2, LCK, SYK, PIK3R5, DNM1, GNA15"
REACTOME_AQUAPORIN_MEDIATED_TRANSPORT,0.4154973348068491,0.9107852434088402,-0.37021510845640215,-1.0316545223622757,268065,35,"ADCY2, AQP10, AQP5, GNB3, ADCY5, AQP3, AQP1, PRKACB, ADCY1, GNB5, ADCY7, RAB11A, ADCY6, GNB2, MYO5B, GNG7, PRKACA"
REACTOME_ENDOSOMAL_VACUOLAR_PATHWAY,0.41586354358350575,0.9107852434088402,-0.5125936766721074,-1.0578354713938716,240003,9,"HLA-G, HLA-F, B2M, CTSS, HLA-B, HLA-C"
REACTOME_ABACAVIR_TRANSPORT_AND_METABOLISM,0.4169245942469651,0.9107852434088402,0.5395872664161169,1.061882438415343,183465,6,"SLC22A3, NT5C2"
REACTOME_ACTIVATION_OF_CHAPERONE_GENES_BY_XBP1S,0.41768018913197724,0.9107852434088402,0.31530818988925363,1.0166796150160113,141867,44,"HYOU1, XBP1, WIPI1, EDEM1, DNAJB9, SRPRB, GOSR2, TSPYL2, SYVN1, DNAJC3"
SIG_BCR_SIGNALING_PATHWAY,0.41810189676104714,0.9107852434088402,-0.35816793335872354,-1.027976632204475,274125,41,"MAP4K1, CD22, CD19, SYK, BLNK, MAPK3, PPP3CC, NFATC2, VAV1, FLOT2, BAD, AKT1, DAG1, PPP1R13B"
PID_TCPTP_PATHWAY,0.4182248028467748,0.9107852434088402,-0.3598435528052963,-1.0282154801068084,273490,40,"PDGFRB, PDGFB, PIK3R3, ITGA1, JAK3, KPNA2, EGF, EGFR, CSF1, PIK3R2, ITGB1, PIAS1, CSF1R, STAT3, STAT6"
REACTOME_KINESINS,0.42081258562705165,0.9134207774868345,-0.40334801206608945,-1.0331921804326443,261388,23,"KIF20A, KIFC1, KIF4A, KIF26A, RACGAP1, KIF22, KIF11, KIF18A, KIF23, KLC3, KIF2C"
PID_HEDGEHOG_2PATHWAY,0.42198292505040974,0.9134207774868345,-0.4322793772479463,-1.0368331609735286,255735,17,"BOC, GLI2, PTCH1"
BIOCARTA_CSK_PATHWAY,0.4234606891379526,0.9134207774868345,-0.4453210356720726,-1.0378670315443153,254086,15,"HLA-DRB1, LCK, CD4"
KEGG_FC_GAMMA_R_MEDIATED_PHAGOCYTOSIS,0.4234681318805685,0.9134207774868345,-0.31890592553018854,-1.0199875480025948,299341,79,"PLA2G4D, PLA2G4F, SYK, RAC2, PIK3R5, DNM1, SCIN, PIK3R3, VAV3, GSN, LAT, MAPK3, VAV1, DNM3"
REACTOME_CELL_EXTRACELLULAR_MATRIX_INTERACTIONS,0.4236498786407767,0.9134207774868345,-0.4618660654046653,-1.0410451619143166,251342,13,ARHGEF6
REACTOME_INSULIN_RECEPTOR_SIGNALLING_CASCADE,0.42467639587653255,0.9134207774868345,0.2877007091280738,1.0104613648457104,129231,69,"TRIB3, FGFR2, IRS2, GRB10, PRKAA2, EIF4EBP1, PRKAB2, SHC2, PDE3B, FGF1, SOS1"
BIOCARTA_CYTOKINE_PATHWAY,0.42491546522620455,0.9134207774868345,0.5683152650802598,1.0646500419106915,190127,5,"IL18, IL6, IL1A"
BIOCARTA_IL7_PATHWAY,0.425599421796674,0.9134207774868345,-0.43746936548766596,-1.0349587028238285,256741,16,"IL7, LCK, IL7R, IL2RG, JAK3"
PID_TRAIL_PATHWAY,0.4261056813667064,0.9134207774868345,-0.38795091945734095,-1.0269826199739898,268126,27,"TNFRSF10D, TNFSF10, PIK3R3, MAPK3, SMPD1"
PID_IL8_CXCR2_PATHWAY,0.4277305793319166,0.9134207774868345,-0.3907247439903621,-1.0263401281076965,268296,26,"RAC2, DNM1, PLCB1, GNA15, ARRB1, GNAI2, PLD2, PPP2R1A, AKT1, PLCB3"
PID_VEGFR1_PATHWAY,0.4277403298558781,0.9134207774868345,0.3561217766362098,1.0144245364178879,160355,25,"NOS3, VEGFA, NRP2, SHC2, HIF1A, PDPK1, PTPN11, NCK1"
BIOCARTA_GATA3_PATHWAY,0.4278254173931331,0.9134207774868345,-0.4698214760756329,-1.0395676039436623,252250,12,"MAF, NFATC2, PRKACB, MAP2K3, GATA3, JUNB"
REACTOME_AMYLOIDS,0.4284925844045791,0.9134207774868345,-0.3735572751834148,-1.0231924674489465,274062,32,"H3F3AP6, HIST1H4C, HIST1H4J, HSPG2, GSN, HIST1H2BJ, SNCA, H2AFX, B2M, HIST1H2BK, CST3, MFGE8, H3F3A, HIST2H3C"
REACTOME_GLYCEROPHOSPHOLIPID_BIOSYNTHESIS,0.42968542249117786,0.9139670677197487,-0.32460042750934975,-1.0173318981098085,298929,69,"PLA2G4D, PLA2G4F, PNPLA3, SLC44A5, PHOSPHO1, LPCAT2, PLBD1, SLC44A2, LPCAT3, LPCAT4, CHKB, PLD2, MGLL, SLC44A3, ACHE, DGAT1, AGPAT4, MBOAT7"
REACTOME_PRE_NOTCH_EXPRESSION_AND_PROCESSING,0.43014315849205564,0.9139670677197487,-0.36257024140999783,-1.0210124318530454,278952,37,"ST3GAL6, MAMLD1, ATP2A3, E2F1, MFNG, ATP2A1, NOTCH3, MAML2, LFNG, ST3GAL3"
KEGG_LONG_TERM_DEPRESSION,0.4318645749586809,0.9158680243161912,0.30856184335131137,1.0080972920075748,144497,47,"PLA2G4E, ITPR1, PRKG2, GUCY1A2, PRKCG, PLA2G4A, NOS1"
REACTOME_POST_TRANSLATIONAL_PROTEIN_MODIFICATION,0.4325227983114749,0.9158680243161912,-0.29016119352427955,-1.01377634786316,335561,158,"B3GNT3, B3GNT8, GALNT9, SEMA6D, GCNT3, MAN1A1, GCNT1, MUC5B, F10, B3GNT7, PLAUR, GALNT6, MUC4, MUC21, GALNT2, ST8SIA2, PROC, CALR, MUC16, STS, GALNT1, FUT8, ST6GALNAC2, ST6GALNAC4, VKORC1, MUCL1, ST3GAL3, ARSJ, ALG10, DPM3, B4GALT2, ARSB, GCNT4, PROS1, MGAT3, ST3GAL2, DHPS, MGAT4B, GPAA1"
REACTOME_PKA_MEDIATED_PHOSPHORYLATION_OF_CREB,0.43313361943252365,0.9158680243161912,-0.44195115002442215,-1.03001316223744,259890,15,"ADCY2, ADCY5, PRKACB, ADCY1, ADCY7, ADCY6, PRKACA"
BIOCARTA_CFTR_PATHWAY,0.4349181083088094,0.9181604508741532,-0.4905304372507696,-1.038840365329988,253010,10,"ADRB2, PRKACB, SLC9A3R1, ADCY1"
REACTOME_PASSIVE_TRANSPORT_BY_AQUAPORINS,0.4376755465469813,0.9224962082364832,-0.5923375002367594,-1.0603389102703864,241841,5,"AQP10, AQP5, AQP3, AQP1"
REACTOME_RAS_ACTIVATION_UOPN_CA2_INFUX_THROUGH_NMDA_RECEPTOR,0.44103627292340886,0.9278227395806021,-0.4555786811098192,-1.0268734106393864,261657,13,"GRIN2D, CAMK2B, GRIN2A, CALM3"
PID_TNF_PATHWAY,0.44161814607040106,0.9278227395806021,-0.34973049157660285,-1.012353947805498,290873,43,"TNFRSF1B, TRAF1"
REACTOME_DESTABILIZATION_OF_MRNA_BY_TRISTETRAPROLIN_TTP,0.44571699340145277,0.9340010784111195,0.3941760136344333,1.0062197033478464,176839,16,"EXOSC5, EXOSC8, EXOSC1, EXOSC2, DIS3, MAPKAPK2, EXOSC3, YWHAB, TNPO1, XRN1"
REACTOME_ACTIVATION_OF_RAC,0.446204829552377,0.9340010784111195,0.4260197303374552,1.0099586008186576,183117,12,"SLIT2, SOS1, SOS2"
REACTOME_GLUCOSE_METABOLISM,0.4466961679357528,0.9340010784111195,-0.3334854763112696,-1.0080414656390146,302528,55,"PFKFB1, GYG2, ALDOC, PC, AGL, ENO2, CALM3, PGM1, PYGL, PRKACB, SLC25A10, SLC25A1, PGAM1, GYS1, PPP2R1A, ALDOA, TPI1P1, CALM2, GYG1, PPP2R5D, PRKACA, GOT2, GAPDH, TPI1, PFKFB4, PPP2R1B, SLC25A13, PFKP, MDH1, PGK1, PFKL, ENO3, ENO1, PFKFB3"
BIOCARTA_LYM_PATHWAY,0.44916520971996265,0.9372326753274491,-0.5588810681601661,-1.0446815797640656,251514,6,"SELL, ITGB2"
PID_NCADHERIN_PATHWAY,0.44967151241873804,0.9372326753274491,-0.36828161274396926,-1.0087421584134886,287608,32,"CNR1, GJA1, GSN, LRP5, FGFR1, DAGLA, GAP43, CDC42, RHOA, FER, CTNND1, MAPRE1, CTNNB1"
KEGG_PENTOSE_PHOSPHATE_PATHWAY,0.4518086788801424,0.9396835876044942,-0.39828973151518776,-1.0107231970746968,279688,22,"TKTL1, ALDOC, G6PD, PGM1, TKT, ALDOA"
BIOCARTA_PAR1_PATHWAY,0.4522809639805003,0.9396835876044942,-0.3676346819668555,-1.0069701819534431,289277,32,"ARHGEF6, F2R, PLCB1, ARHGEF19, GNAI1"
REACTOME_CD28_DEPENDENT_PI3K_AKT_SIGNALING,0.45439673637985595,0.9425856351170747,0.3799817744890914,0.9993896064051601,177769,18,"TRIB3, FYN, AKT3, PDPK1, THEM4, MAPKAP1"
BIOCARTA_ETS_PATHWAY,0.45713431248753905,0.945591647437682,0.3792240477503661,0.9973967102242959,178840,18,"ETS1, FOS, JUN, DDX20"
REACTOME_ACTIVATED_AMPK_STIMULATES_FATTY_ACID_OXIDATION_IN_MUSCLE,0.45728840921090036,0.945591647437682,0.38457794783591814,0.997049052253138,180156,17,"PRKAA2, PRKAB2, CPT1B, PRKAB1, CPT1A"
REACTOME_ENDOSOMAL_SORTING_COMPLEX_REQUIRED_FOR_TRANSPORT_ESCRT,0.46154842050750905,0.9520677252952426,0.34212906088862927,0.9919819682151573,171119,27,"CHMP4C, VPS37A, CHMP4A, TSG101, RPS27AP11, HGS, VPS4A, RPS27A, STAM, VPS4B, CHMP6, SNF8, VPS37B, STAM2, VPS37C, CHMP3, VPS36"
BIOCARTA_MTOR_PATHWAY,0.4618726722256097,0.9520677252952426,0.3552507055080198,0.9919055034450592,174979,23,"EIF4EBP1, EIF4G3, PDPK1, TSC1, TSC2, EIF3A, RPS6, PTEN"
BIOCARTA_P35ALZHEIMERS_PATHWAY,0.4635045655821117,0.9539316883487418,-0.47929416108720474,-1.015044294080817,269640,10,"MAPT, CAPN1, CAPNS1, CDK5R1"
REACTOME_REGULATION_OF_WATER_BALANCE_BY_RENAL_AQUAPORINS,0.4657034574842323,0.9542182242981623,-0.3643395568455278,-0.997944665848078,297862,32,"ADCY2, GNB3, ADCY5, AQP3, AQP1, PRKACB, ADCY1, GNB5, ADCY7, RAB11A, ADCY6, GNB2, MYO5B, GNG7, PRKACA"
PID_BCR_5PATHWAY,0.46628853274824045,0.9542182242981623,-0.32765290094158345,-0.9962537288161849,317078,57,"MAP4K1, CD22, CD19, SYK, POU2F2, BLNK, MAPK3, PPP3CC"
BIOCARTA_DNAFRAGMENT_PATHWAY,0.4682060292277889,0.9542182242981623,-0.491345108241269,-1.0139849706455777,270211,9,"TOP2A, HMGB2, CASP7, HMGB1, ENDOG"
REACTOME_RECYCLING_PATHWAY_OF_L1,0.46838881414660755,0.9542182242981623,-0.3828609024492647,-0.9974130003228829,292794,25,"DNM1, DPYSL2, RPS6KA5, KIF4A, L1CAM, RPS6KA6, AP2A1, MSN, RPS6KA1, AP2S1, DNM2, EZR"
PID_NEPHRIN_NEPH1_PATHWAY,0.4688931267381804,0.9542182242981623,-0.3764943521869869,-0.9966548262219499,295050,27,"F2RL2, MAPK10, PIK3R3"
REACTOME_THE_ACTIVATION_OF_ARYLSULFATASES,0.4698226223328911,0.9542182242981623,0.45446656514182965,0.997564427989529,198679,9,"ARSI, ARSG"
PID_ERBB1_RECEPTOR_PROXIMAL_PATHWAY,0.4701155821187937,0.9542182242981623,-0.35699761396909985,-0.9948221844844992,303303,35,"PIK3R3, GSN, GNAI1, MAPK3, EGF, EGFR, PIK3R2, PTPN6, STAT3, PIK3CB, KRAS, GAB1, NCK2, MAPK1, STAT1, NRAS, TLN1, PIK3CD, SRC"
KEGG_FRUCTOSE_AND_MANNOSE_METABOLISM,0.4701893682131816,0.9542182242981623,-0.3655266930389679,-0.9949479704780159,299764,31,PFKFB1
REACTOME_PYRIMIDINE_METABOLISM,0.47019448733532637,0.9542182242981623,-0.41117087265267505,-0.9988643241172889,286244,18,"TYMS, TK1, NT5M, DUT, TYMP, DPYD, CDA, NT5C"
REACTOME_TRANSMEMBRANE_TRANSPORT_OF_SMALL_MOLECULES,0.4728670391272032,0.9581587145220454,-0.2694543470600308,-0.9984260371455966,401439,297,"ATP8A2, SLC5A5, ATP2B3, ATP1B2, SLC2A3, SLC30A2, SLC39A2, SLC38A5, SLC17A7, SLC4A4, ATP10B, TCIRG1, SLC12A5, ABCG4, ABCC9, SLC15A3, GABRB1, ADCY2, SLC2A12, SLC44A5, SLC14A1, SLC26A9, AQP10, ABCB5, AQP5, ATP2A3, SLC2A6, GNB3, SLC2A5, SLC2A9, SLC2A13, SLC47A1, ADCY5, SLC40A1, GLRA3, SLC22A15, SLC12A4, ATP8B3, SLC24A2, SLC9A5, ABCA3, SLC6A20, SLC2A4, ATP6V1C2, SLC7A8, SLC16A3, ATP2A1, SLC22A18, CYBRD1, 
SLC22A4, AQP3, ABCA7, GABRA3, SLC44A2, SLC4A7, ABCC3, SLC9A6, AQP1, PRKACB, SLC25A10, SLC6A6"
KEGG_PRION_DISEASES,0.474928665277575,0.9598547661748534,0.34862927052335263,0.9834011359943627,178926,24,"FYN, NCAM2, PRNP, IL6, HSPA5, IL1A"
KEGG_BASE_EXCISION_REPAIR,0.47532979350296667,0.9598547661748534,-0.3598072305086918,-0.9913575344214833,304905,33,"POLE2, NEIL1, POLD1, PCNA, LIG1, NEIL3, HMGB1, APEX2, UNG, POLE, FEN1, POLD2"
REACTOME_SIGNALING_BY_NOTCH1,0.475900532428417,0.9598547661748534,-0.31826547167946273,-0.9906997392068783,329286,66,"CNTN1, DTX1, MAMLD1, HEY2, HDAC9, DTX4, JAG2, APH1B, HEYL, MAML2, ARRB1, TLE2, TLE1"
REACTOME_BETA_DEFENSINS,0.4776343225708405,0.9601310738952606,0.5414881927993526,1.0143937046571505,213716,5,"DEFB1, DEFB132, TLR2, CCR2"
REACTOME_PROSTANOID_LIGAND_RECEPTORS,0.4777170135590872,0.9601310738952606,0.5414410858153704,1.014305457067208,213753,5,"TBXA2R, PTGER2, PTGER3"
BIOCARTA_TGFB_PATHWAY,0.4782346233818499,0.9601310738952606,-0.4035544416007284,-0.9921852386023854,292329,19,"TGFB3, TGFB1, SMAD7, MAPK3"
SA_CASPASE_CASCADE,0.4794577224546156,0.9611147922599403,0.3783896673291431,0.9810054406808252,188890,17,"PRF1, XIAP, CASP10, CASP8, DFFA, CASP9, DFFB, BIRC2"
REACTOME_NEPHRIN_INTERACTIONS,0.48322371352102356,0.9668574418961544,-0.4125511549140114,-0.989514514284654,292849,17,"KIRREL2, KIRREL3"
REACTOME_CIRCADIAN_REPRESSION_OF_EXPRESSION_BY_REV_ERBA,0.4837974690189758,0.9668574418961544,0.3539138903051771,0.9775199058603822,184306,22,"TBL1X, ARNTL, TGS1, MED1, RORA, TBL1XR1, NCOA6, CREBBP, EP300, NCOR1"
KEGG_SULFUR_METABOLISM,0.4893174784960647,0.9764006306063027,0.4115553626684753,0.975668140794381,200810,12,"CHST13, SULT1A2"
REACTOME_ROLE_OF_DCC_IN_REGULATING_APOPTOSIS,0.49432821844339925,0.9849001434335812,0.4450633248030388,0.9769241019693156,209042,9,"DAPK1, UNC5B, DAPK2"
PID_HIF1A_PATHWAY,0.49882635334058295,0.9915895918115674,-0.4133658269049325,-0.977934899574791,300915,16,"CDKN2A, EGLN3"
KEGG_PARKINSONS_DISEASE,0.4991984215069676,0.9915895918115674,-0.29943816302390897,-0.9800607427558335,360271,93,"UBA7, LRRK2, SNCA, SEPT5, NDUFA3, UQCR10, COX6A2, SNCAIP, UQCRHL, COX8A, NDUFB6, NDUFA4, NDUFS5, NDUFA1, NDUFA2, SDHA, NDUFB3, SDHC, NDUFB1, UBA1, COX7A2, NDUFC2, COX7B, UQCRC1, COX6B1, NDUFA6, NDUFC1, SLC25A5, UQCRQ, NDUFA7, VDAC1, NDUFS8, COX7C, NDUFB4, NDUFS6, PARK7, HTRA2, NDUFAB1, UQCR11, NDUFB8, UBE2L3, UQCRH, NDUFB5, PINK1, CYC1, NDUFV2, SDHD, COX6A1"
REACTOME_GLYCOSPHINGOLIPID_METABOLISM,0.5013318387143317,0.9931878399467736,0.32142867360733274,0.9685951520554202,180681,32,"ARSI, GAL3ST1, NEU4, GBA3, CERK, ASAH2, GALC, ARSG"
PID_HNF3B_PATHWAY,0.5015181922538247,0.9931878399467736,-0.36260501837834197,-0.9739687778102437,317620,29,"CEBPA, NKX2-1, CPT1C, UCP2, HMGCS1"
PID_WNT_NONCANONICAL_PATHWAY,0.5041275776773573,0.9953176913188515,-0.35717506772183066,-0.9722152048066653,321401,31,"MAPK10, FZD2, ROR2, CTHRC1, NFATC2, WNT5A, FLNA"
SA_PTEN_PATHWAY,0.5045739755513138,0.9953176913188515,0.3716346568459199,0.9634925363706404,198785,17,"IPCEF1, AKT3, SOS1, PDPK1"
PID_HIF1_TFPATHWAY,0.5048712926979682,0.9953176913188515,-0.31862382233243036,-0.9742066320674401,344661,59,"PLIN2, TFF3, CXCL12, CXCR4, SERPINE1, EGLN3, BHLHE40, NDRG1, ITGB2, ADM, PGM1, ENG, GATA2, ABCG2, LDHA, ALDOA, CITED2, AKT1, BHLHE41"
BIOCARTA_FMLP_PATHWAY,0.5070666695766858,0.9980275046511923,-0.35229661468834284,-0.9706639381001381,325263,33,"PIK3C2G, PLCB1, GNA15, NFATC4, MAPK3, PPP3CC, CALM3, NFATC2"
REACTOME_SYNTHESIS_OF_PA,0.5084496862577614,0.9980275046511923,-0.3994879656512595,-0.9704828414251729,309533,18,PLA2G4D
REACTOME_IL_3_5_AND_GM_CSF_SIGNALING,0.509509763087386,0.9980275046511923,-0.3497459516096908,-0.9691978640998907,327840,34,"SYK, IL3RA, PIK3R3, IL2RG, BLNK, JAK3, VAV1, PRKACB"
ST_STAT3_PATHWAY,0.5103665973168807,0.9980275046511923,-0.44988466189240767,-0.974754395864965,298787,11,"JAK3, PIAS3, REG1A, PTPRU, CISH"
REACTOME_NEGATIVE_REGULATORS_OF_RIG_I_MDA5_SIGNALING,0.5114339715877885,0.9980275046511923,-0.35770252283975124,-0.9673017536848414,324980,30,"UBA7, HERC5, TNFAIP3, ISG15, NLRX1"
REACTOME_GASTRIN_CREB_SIGNALLING_PATHWAY_VIA_PKC_AND_MAPK,0.5115311111529229,0.9980275046511923,-0.28921235444848115,-0.9755484709543678,380616,117,"NTSR1, EDN2, F2RL2, KISS1, F2R, NMU, TACR2, ADRA1D, GNB3, NPFFR1, P2RY2, PLCB1, PIK3R3, LTB4R2, EDNRB, GNA15, XCL1, GPR68, PTAFR, NMB, DGKI, LPAR6, MAPK3, ARHGEF25, GPR132, HRH1, CDK1, DGKA, BDKRB1, BDKRB2, P2RY6, EGFR, MGLL, EDNRA"
REACTOME_RECYCLING_OF_BILE_ACIDS_AND_SALTS,0.5122796117546358,0.9980275046511923,0.5236138856289624,0.9809089769939001,229218,5,"SLCO1B3, SLCO1A2"
BIOCARTA_WNT_PATHWAY,0.5127570413800278,0.9980275046511923,0.33698325277059865,0.9599078247933474,192227,25,"WIF1, MYC, AXIN1, NLK, CSNK1A1, APC, GSK3B, CREBBP, TAB1, CSNK2A1, MAP3K7"
BIOCARTA_NFAT_PATHWAY,0.5135328795231736,0.9980275046511923,0.297946309328916,0.9649089054725458,173436,45,"ACTA1, MEF2C, HBEGF, CAMK1, NFATC1, LIF, MAPK8, NKX2-5, CSNK1A1, EDN1, CAMK4, AGT, PRKAR2B, GSK3B, CREBBP"
KEGG_COLORECTAL_CANCER,0.5138585550263576,0.9980275046511923,-0.3160396365319056,-0.9689381192357176,351506,60,"TCF7, MAPK10, TGFB3, RAC2, APC2, PIK3R5, PIK3R3, TGFB1, BIRC5, MAPK3, TCF7L1"
REACTOME_RECRUITMENT_OF_MITOTIC_CENTROSOME_PROTEINS_AND_COMPLEXES,0.5151427633738103,0.9990416609216942,-0.314971220740242,-0.968274511488395,353168,61,"TUBB4A, PLK4, TUBB, PLK1, CCNB1, TUBA4A, CEP41, TUBB4B, CDK1, NEK2, TUBGCP6, DCTN3, TUBG2, PPP2R1A, NINL, CENPJ"
PID_IL12_STAT4_PATHWAY,0.5172820069293753,0.99944341732673,0.3539257120852147,0.9553999297407425,199764,20,"PRF1, HLA-DRA, ETV5, IL18, FOS, JUN"
REACTOME_ABC_FAMILY_PROTEINS_MEDIATED_TRANSPORT,0.5176227463149231,0.99944341732673,-0.37286066078484853,-0.9633856317452061,322611,24,"ABCG4, ABCC9, ABCB5, ABCA3, ABCA7, ABCC3, ABCA2, ABCD1"
REACTOME_TRANSCRIPTIONAL_REGULATION_OF_WHITE_ADIPOCYTE_DIFFERENTIATION,0.5176369796833331,0.99944341732673,0.27929226187376477,0.9676062985541108,160717,64,"LPL, PLIN1, KLF4, TBL1X, CEBPB, EGR2, PPARG"
KEGG_ALPHA_LINOLENIC_ACID_METABOLISM,0.5186175172499534,0.9998640663451308,0.42331604307285,0.9557134818012384,216917,10,"PLA2G4E, PLA2G4A, PLA2G12A, PLA2G6, PLA2G1B"
ST_IL_13_PATHWAY,0.5209844971346219,1,-0.5257531316254069,-0.9827575908420829,291730,6,"IL13RA2, IL4R, TYK2"
REACTOME_ROLE_OF_SECOND_MESSENGERS_IN_NETRIN1_SIGNALING,0.5215095354397132,1,-0.5865829212210614,-0.9962756870013364,283138,4,NTN1
BIOCARTA_PITX2_PATHWAY,0.5230098129902465,1,0.3851384887711994,0.950354825488401,210898,14,"PITX2, AXIN1, MED1, APC, GSK3B, CREBBP, EP300"
REACTOME_DESTABILIZATION_OF_MRNA_BY_KSRP,0.5249893392356739,1,0.3662084721173309,0.9494247189842456,206828,17,"EXOSC5, EXOSC8, PARN, EXOSC1, EXOSC2, DIS3, EXOSC3"
REACTOME_INFLUENZA_VIRAL_RNA_TRANSCRIPTION_AND_REPLICATION,0.5252389723703345,1,0.2549996024594829,0.9718743891525773,135445,115,"RPS17, RPL17P36, RPSAP9, RPL21P16, RPL3L, RPL21P75, DNAJC3, RPS12, RPL26, RPS18, RPL10P9, RPL21, RPL4, RPS27AP11, RPS23, RPSAP12, RPL26L1, RPL12, RPLP1, RPLP0, POLR2D, RPL14, RPL10, RPS24, RPL23AP2, RPL37A, POLR2G, RPS3A, RPS6, RPL5P1, RPS27, RPL19, RPS7, RPL5, RPL36A, RPS8, RPS27A, RPL3, RPL37, RPL7, IPO5, RPL13A, POLR2B, RPS15A, RPL6, RPL11, RPL30, RPS4X, RPL22, RPL13, RPS19, RPS13, RPL10A, 
RPS16, RPL23AP42, RPL36, FAU, RPL17, RPS14, POLR2A, RPL24, RPS5, RPL10P16, RPL27A, RPL32, POLR2C"
BIOCARTA_MTA3_PATHWAY,0.5254853725167759,1,-0.4050525966806177,-0.9582675796479623,316997,16,"HSPB1, TUBA4A, ALDOA, TUBA1A, SNAI1, HDAC1, ESR1, GAPDH, TUBA1C"
PID_IL8_CXCR1_PATHWAY,0.5277627362094266,1,-0.3887401296096414,-0.9557625402935673,322604,19,"DNM1, PLCB1, GNA15, ARRB1, GNAI2, AKT1, PLCB3"
REACTOME_GLUCONEOGENESIS,0.528373537481447,1,-0.3639267714898035,-0.9559482858906899,331425,26,"PFKFB1, ALDOC, PC, ENO2, PRKACB, SLC25A10, SLC25A1, PGAM1, ALDOA, TPI1P1"
PID_NFKAPPAB_CANONICAL_PATHWAY,0.5287649055985517,1,-0.38032529469675197,-0.9555253193699397,325963,21,"NOD2, SSPO, TNFAIP3, MALT1"
REACTOME_ELONGATION_ARREST_AND_RECOVERY,0.5292518812459356,1,0.33647391585135633,0.9491137407480854,199392,24,"TCEA1, CTDP1, ELL, SUPT4H1, CCNT1, POLR2D, POLR2G, SUPT16H, POLR2B"
REACTOME_CYCLIN_E_ASSOCIATED_EVENTS_DURING_G1_S_TRANSITION_,0.5292558922362834,1,-0.311704250670238,-0.9606585323828206,363511,62,"CCNA1, PSMB9, CCNA2, CCNE2, PKMYT1, CDK2, SKP2, WEE1, PSMA2, CDC25A, CDKN1B, PSME1, CCNE1, RB1, PSMB8, PSMB5, CKS1B, PSMB6, PSMB7, PSME2, PSMB2, PSMD2, PSMB1, PSMB10"
BIOCARTA_FCER1_PATHWAY,0.5302184696833172,1,-0.3468375903330698,-0.9556229815369831,340114,33,"SYK, NFATC4, MAPK3, PPP3CC, CALM3, NFATC2, VAV1"
BIOCARTA_TH1TH2_PATHWAY,0.531700257518037,1,0.4309152914817632,0.9458688476341358,224846,9,"HLA-DRA, IL18, CD40, IFNGR1"
KEGG_SELENOAMINO_ACID_METABOLISM,0.5327053915224657,1,-0.3657542273097031,-0.9528474151002966,332999,25,"MAT1A, GGT6, GGT5, GGT1, GGT7"
ST_GA12_PATHWAY,0.5338503689596943,1,-0.3788660436833099,-0.9518591122832617,329098,21,"F2RL2, MYEF2, RASAL1, DLG4, VAV1, EPHB2, PLD2"
BIOCARTA_HDAC_PATHWAY,0.5348621746395001,1,0.33853789808048235,0.9452412029711573,202631,23,"MEF2C, CAMK1, NFATC1"
REACTOME_BILE_ACID_AND_BILE_SALT_METABOLISM,0.5351110370401233,1,-0.40818464146546213,-0.9513167989479451,321079,15,"HSD3B7, CYP7B1, FABP6, ABCC3, CYP27A1, SCP2, CYP39A1"
KEGG_HEDGEHOG_SIGNALING_PATHWAY,0.5365816353572753,1,-0.3280218180984904,-0.9534285583120161,354328,44,"WNT6, GLI2, WNT2B, BMP4, WNT10A, BMP8B, PTCH1, WNT7A, WNT11, WNT4, GLI3, WNT5A, PRKACB"
BIOCARTA_KERATINOCYTE_PATHWAY,0.5377838170210505,1,-0.32906313904026496,-0.952528806919071,354213,43,"TNFRSF1B, CEBPA"
BIOCARTA_IL22BP_PATHWAY,0.5378050836030205,1,-0.42182734141420686,-0.950797960351739,319068,13,"STAT4, SOCS3, JAK3, IL22RA1, TYK2"
PID_THROMBIN_PAR4_PATHWAY,0.5380730852211435,1,-0.42174660735051095,-0.9506159859381422,319227,13,"F2RL2, GNA15"
BIOCARTA_DREAM_PATHWAY,0.5405805439587729,1,0.3873266969893752,0.9375719399049781,219865,13,"OPRK1, FOS, CREM, JUN, CREB1, PRKAR2B"
BIOCARTA_MAPK_PATHWAY,0.5407351115626894,1,-0.2959388813286161,-0.9581531036057842,386371,86,"CEBPA, MAP4K1, MAPK10, TGFB3, MAP3K6, TGFB1, MAP3K8, MAPK4, MAPK3, RPS6KA5"
PID_TRKR_PATHWAY,0.5424046358944912,1,-0.31172924953242587,-0.9531261664014787,370284,59,"NGF, NGFR, SHC3, BDNF, DNM1, NTF3, TIAM1, MCF2L, MAPK3, MAGED1, DOCK1, GIPC1, RGS19, NTF4, CDC42, RHOA, RAPGEF1"
REACTOME_REGULATION_OF_KIT_SIGNALING,0.5439587035514415,1,-0.3992865322121054,-0.9446263076560877,328141,16,"LCK, KIT, KITLG"
BIOCARTA_COMP_PATHWAY,0.5465932679745357,1,-0.45984695818204285,-0.9489824902555393,315450,9,"C1R, C3, C2, C4B, C1S, CFD"
PID_HES_HEY_PATHWAY,0.5467159007022103,1,-0.3299366768197892,-0.9469501937189051,358450,41,"CD4, HEY2, E2F1, ID1, AR, MAML2, GATA4, TLE1, TWIST1, CDKN1B, HDAC1, RB1, NOTCH1, STAT3, MYB"
BIOCARTA_PDGF_PATHWAY,0.5478983208929784,1,0.31919102663123766,0.9407843231388868,200904,29,"STAT5A, FOS, SOS1, JUN, PDGFA, JAK1, MAPK8"
REACTOME_RORA_ACTIVATES_CIRCADIAN_EXPRESSION,0.5483081649944965,1,0.3355599078972648,0.9369262726806892,207725,23,"TBL1X, ARNTL, TGS1, MED1, RORA, TBL1XR1, NCOA6, CREBBP, CPT1A, EP300, NCOR1"
PID_IL2_STAT5_PATHWAY,0.5498760719970226,1,0.33521128814853507,0.9359528816584809,208319,23,"PRF1, BCL2, STAT5A, MYC, SOS1, JAK1"
REACTOME_BASIGIN_INTERACTIONS,0.5511054967102447,1,-0.37034773214095756,-0.9398159536648721,341157,22,"ATP1B2, MMP1, MAG, SLC7A8, SLC16A3, L1CAM, ITGA3, ATP1B1, CAV1, ATP1B3, ITGB1"
PID_PDGFRA_PATHWAY,0.551923814031739,1,0.3497406637408313,0.9324772463445758,214550,19,"FOS, SOS1, JUN, JAK1, SHB, SRF, CSNK2A1, CRKL"
REACTOME_GAB1_SIGNALOSOME,0.5522007518562692,1,0.3046677727949781,0.9419255778104884,194922,36,"TRIB3, AKT3, PDPK1, THEM4, MAPKAP1, TSC2, CREB1, FOXO3, CASP9"
REACTOME_FANCONI_ANEMIA_PATHWAY,0.5539360072985566,1,-0.377033548668594,-0.9372960423381705,340016,20,"ZBTB32, UBE2T, FANCB, FANCC, FANCD2, FANCA, FANCE, FANCG"
PID_ALPHA_SYNUCLEIN_PATHWAY,0.555211021957507,1,-0.35707649165856453,-0.9379542448484856,348259,26,"LCK, SYK, SNCA, MAPK3, PLD2, SNCAIP, BAD, GRK5, PTK2B, STUB1, PPP2R5D"
REACTOME_RIP_MEDIATED_NFKB_ACTIVATION_VIA_DAI,0.555746843881505,1,-0.40151605912615645,-0.9357749736069104,333461,15,"RIPK3, AGER, HMGB1, TLR3, SAA1, ZBP1, NFKB2, NFKBIA, TICAM1"
PID_AVB3_OPN_PATHWAY,0.555934686942915,1,-0.34922216424150326,-0.9380219998379946,352083,29,"SYK, VAV3, GSN, PLAU, MMP2, MAPK3"
REACTOME_DSCAM_INTERACTIONS,0.556062034999476,1,-0.47075119533429977,-0.9441342329379203,318389,8,NTN1
REACTOME_PEPTIDE_HORMONE_BIOSYNTHESIS,0.5564626465904156,1,-0.5354166500899434,-0.9584453239412842,307478,5,"INHA, PCSK1, INHBA"
REACTOME_GLUCAGON_TYPE_LIGAND_RECEPTORS,0.5565389358936954,1,-0.3954046174853851,-0.9354425298947339,335730,16,"GIPR, GNB3, VIPR1"
REACTOME_G_PROTEIN_ACTIVATION,0.5568433454228641,1,-0.38981073464422233,-0.9349710336765841,337465,17,"GNAO1, GNB3, GNAI1, GNAI2, GNAZ"
PID_ANTHRAX_PATHWAY,0.5577210650702682,1,0.37527279307870776,0.9260105654844897,224895,14,"ANTXR2, IL18"
PID_FCER1_PATHWAY,0.5577280427465877,1,-0.31686520411740965,-0.9423276096650572,373674,50,"IGHE, S1PR1, SYK, WIPF1, LAT, MAPK3, NFATC2, VAV1"
PID_WNT_CANONICAL_PATHWAY,0.5588867425203661,1,0.34403148508216996,0.928691093787982,215831,20,"PIP5K1B, AXIN1, KLHL12, CSNK1G1, CUL3, APC, GSK3B, DVL3"
BIOCARTA_IGF1_PATHWAY,0.55961032379551,1,0.34790099024372984,0.9275723157642947,217538,19,"FOS, SOS1, JUN, MAPK8, PTPN11, SRF, CSNK2A1"
ST_TYPE_I_INTERFERON_PATHWAY,0.5603845750812113,1,-0.4688837866373317,-0.9403889753683851,320864,8,"REG1A, PTPRU, TYK2, IRF9"
BIOCARTA_G2_PATHWAY,0.5606831167200351,1,-0.3644812551830725,-0.9336334170595154,348269,23,"PLK1, CCNB1, CDK1, CHEK1, WEE1, CDC25A, CDC25C, CDC25B, CHEK2, CDKN2D, RPS6KA1"
REACTOME_ERK_MAPK_TARGETS,0.5635306970086484,1,0.33917163508980214,0.9263062266312165,216135,21,"MEF2C, RPS6KA2, DUSP3, MEF2A, DUSP6"
REACTOME_DEADENYLATION_OF_MRNA,0.5648834423100353,1,0.3558575563105575,0.9225891428593799,222545,17,"PARN, PABPC1, CNOT10, CNOT2, PAIP1, CNOT7, EIF4B, CNOT4, EIF4A1, CNOT8, CNOT6, CNOT3, EIF4E, EIF4A2, EIF4A3, EIF4G1, TNKS1BP1"
REACTOME_REGULATION_OF_INSULIN_SECRETION,0.5649738988675057,1,-0.30259873881478005,-0.9419321865051615,390918,66,"ADRA2A, GNAO1, ISL1, AKAP5, GNB3, PLCB1, GNA15, ADCY5, PCSK1, GNAI1, PRKACB, KCNJ11, GNAI2, GATA4, RAPGEF3, PLCB3, CACNB3, GNB5, STXBP1, RAPGEF4, SLC2A1, ADCY6, GNB2, SLC25A5, GNG7, PRKACA"
BIOCARTA_TCRA_PATHWAY,0.5659567408861801,1,0.46892885022377,0.9228299886063562,249046,6,"ZAP70, FYN, HLA-DRA"
BIOCARTA_EPONFKB_PATHWAY,0.5664870344425265,1,0.40665712020302625,0.9181029129614517,236939,10,"JAK2, HIF1A, GRIN1, NFKB1, SOD2, CDKN1A, RELA"
PID_PDGFRB_PATHWAY,0.5674421470060013,1,-0.2806256329588107,-0.9495669855840392,423695,120,"S1PR1, PDGFRB, PPP2R2B, LCK, MAPK10, PDGFB, ACTA2, PIK3R5, PIK3R3, DOCK4, SIPA1, TAGLN, MAPK3, SFN, LRP1, SLC9A3R1, ARHGDIA, ACTN4, PPP2R1A, PTPRJ, KSR1"
REACTOME_PTM_GAMMA_CARBOXYLATION_HYPUSINE_FORMATION_AND_ARYLSULFATASE_ACTIVATION,0.5679860791025992,1,0.3419105343999403,0.9229657224357647,219345,20,"ARSI, F7, GGCX, ARSG, EIF5A2"
PID_RHODOPSIN_PATHWAY,0.5685742429386366,1,0.4059539644577007,0.916515410109598,237812,10,"LRAT, GUCA1B, PDE6G"
REACTOME_CGMP_EFFECTS,0.5709349643022491,1,0.38589706019417436,0.9148403870051369,234305,12,"PDE11A, PDE6G, PRKG2, PDE10A, PDE3B"
REACTOME_GLOBAL_GENOMIC_NER_GG_NER,0.5719185236225997,1,-0.33722212497702614,-0.9291300063563401,366863,33,"POLE2, POLD1, PCNA, LIG1, DDB2, RFC2, RPA3, RFC5, POLE, RFC3, ERCC2, POLD2, ERCC1, RPA1, RPA2"
REACTOME_FORMATION_OF_THE_TERNARY_COMPLEX_AND_SUBSEQUENTLY_THE_43S_COMPLEX,0.5723163196766402,1,-0.31116550995797915,-0.9346423752242113,385980,53,RPS4Y1
PID_VEGFR1_2_PATHWAY,0.5733306708236173,1,0.2721246801871714,0.9427742565246631,178009,64,"NOS3, FYN, GRB10, PRKAA2, VEGFA, NEDD4, AKAP1, PDPK1, CAMKK2, SHB, PTPN11, PTPN2, PRKAB1, NCK1"
PID_INTEGRIN_A9B1_PATHWAY,0.5749645409795033,1,-0.3751044131251079,-0.922237555262906,351457,19,"TGM2, FN1, KCNJ15, PAOX, SAT1, ITGB1, ADAM15, PXN, VEGFC"
ST_B_CELL_ANTIGEN_RECEPTOR,0.5758643744764569,1,-0.32794250491763016,-0.9281917148639022,374665,38,"CD19, SYK, BLNK, VAV1, EPHB2, TONSL, PI3, BAD, AKT1, DAG1, PPP1R13B"
REACTOME_GLUCURONIDATION,0.5786980171959993,1,0.4273079793590112,0.90816871204622,247349,8,"UGT1A7, UGT2B11"
BIOCARTA_GH_PATHWAY,0.5810296088866475,1,0.3254089561209542,0.9179020930505911,218899,24,"STAT5A, SOCS1, JAK2, SOS1"
KEGG_GLYCINE_SERINE_AND_THREONINE_METABOLISM,0.5812729566727396,1,0.3225370185754722,0.9187572538712394,217913,25,"DMGDH, CTH, GLYCTK, PSPH, PSAT1, CHDH, SHMT2"
REACTOME_SIGNALLING_TO_ERKS,0.5823490466924861,1,-0.33301044090153753,-0.9228212837325954,374708,34,"NGF, SHC3, MAPK3, CDK1"
BIOCARTA_PTDINS_PATHWAY,0.583018120060164,1,0.3312735276063561,0.9149866009513471,222105,22,"ARHGEF2, JAG1, PDPK1, PRKCE, RAB5A, GSK3B"
KEGG_ALZHEIMERS_DISEASE,0.5834364341934828,1,-0.27552204142239567,-0.9440100847306979,441864,133,"MAPT, GRIN2D, MME, ATP2A3, CALML3, PLCB1, BACE2, CACNA1C, APBB1, IL1B, GRIN2A, APOE, SNCA, CAPN1, MAPK3, PPP3CC, CALM3, ATP2A1, LRP1, NDUFA3, UQCR10, COX6A2, CASP7, UQCRHL, COX8A, NDUFB6, BAD, CALML5, NDUFA4, FAS, NDUFS5, NDUFA1, NDUFA2, SDHA, PLCB3, NDUFB3, SDHC, NDUFB1, CDK5R1, ADAM10, BID, COX7A2, NDUFC2, CALM2, COX7B, UQCRC1, COX6B1, NDUFA6, NDUFC1, UQCRQ"
KEGG_VIRAL_MYOCARDITIS,0.5845205253209853,1,0.2800339961555866,0.9330735444550038,191115,52,"FYN, PRF1, CD55, HLA-DRA, MYH13, HLA-DQB1, MYH7B, CD40, MYH3, EIF4G3, HLA-DPA1"
KEGG_PROXIMAL_TUBULE_BICARBONATE_RECLAMATION,0.5882141331844016,1,-0.37568153558344564,-0.9126494800153064,358092,18,"ATP1B2, SLC4A4, CA2"
REACTOME_SHC1_EVENTS_IN_EGFR_SIGNALING,0.5886188075496854,1,-0.3911893087374645,-0.9117074068115631,353185,15,"MAPK3, CDK1, EGF, EGFR"
REACTOME_SIGNALING_BY_BMP,0.5891432251408438,1,-0.36349473395654647,-0.9132403934112736,363184,21,"GREM2, SMAD6, BMPR1B, SMAD7, FSTL1"
REACTOME_ERKS_ARE_INACTIVATED,0.5902831014294146,1,-0.41170812203903595,-0.9109809741506268,348037,12,"DUSP4, MAPK3, PPP2R1A, PPP2R5D, PPP2R1B, MAPK1, MAPK7"
PID_PI3KCI_PATHWAY,0.5906177742799446,1,-0.32067073944306024,-0.920356056690989,387234,41,"LCK, SGK1, SYK, PIK3R5, PIK3R3, BLNK"
KEGG_PPAR_SIGNALING_PATHWAY,0.5914965440127028,1,0.2808391070533852,0.9286144085465428,195197,50,"LPL, PLIN1, FABP3, PCK2, FABP5, PPARG, ACSL6, ME1, HMGCS2, CPT1B, GK, OLR1"
PID_EPHA2_FWD_PATHWAY,0.5923087871297252,1,-0.3700891469153882,-0.9099069436081134,362059,19,"VAV3, TIAM1, EFNA1, RHOA, VAV2"
REACTOME_P2Y_RECEPTORS,0.5936430744062452,1,0.48164587032875245,0.9022884436496709,265624,5,"P2RY1, P2RY11"
REACTOME_CD28_CO_STIMULATION,0.5938794665976178,1,0.3149052640746678,0.9130482597612182,220181,27,"TRIB3, FYN, AKT3, PDPK1, THEM4, MAPKAP1"
SA_B_CELL_RECEPTOR_COMPLEXES,0.5945075626908322,1,-0.3525837593723866,-0.9109948125154138,370530,24,"SYK, BLNK, VAV3, MAPK3, VAV1"
REACTOME_NOTCH_HLH_TRANSCRIPTION_PATHWAY,0.5953098363959975,1,-0.41905833100121115,-0.9079637179650193,348516,11,"MAMLD1, NOTCH3, MAML2"
ST_TUMOR_NECROSIS_FACTOR_PATHWAY,0.595466030989273,1,-0.34442087104491087,-0.9117499940822298,374696,27,TNFRSF1B
BIOCARTA_LECTIN_PATHWAY,0.5965053568843203,1,-0.5153450814949312,-0.922515359752041,329604,5,"C3, C2, C4B"
BIOCARTA_ALK_PATHWAY,0.5968186266998958,1,-0.3333642901870806,-0.9131018274732015,381723,32,"BMP4, TGFB3, SMAD6, CHRD, TGFB1, FZD1"
REACTOME_INTEGRIN_ALPHAIIB_BETA3_SIGNALING,0.5971566825584017,1,-0.36124489001410565,-0.9075879088628888,368124,21,"ITGA2B, SYK, FN1"
REACTOME_RNA_POL_II_TRANSCRIPTION_PRE_INITIATION_AND_PROMOTER_OPENING,0.597317964690082,1,0.2925370706821376,0.9197975959115412,207699,39,"TAF4B, GTF2H3, GTF2H1, TAF1, TAF12, TBP, GTF2A1, CDK7, ERCC3, TAF13, MNAT1, POLR2D, POLR2G, GTF2B, POLR2B, GTF2H2, TAF11"
BIOCARTA_CTL_PATHWAY,0.598591965385437,1,0.45411115758391685,0.893669464310436,263407,6,"PRF1, ICAM1"
KEGG_TIGHT_JUNCTION,0.6003636462688803,1,-0.2798228311214806,-0.9321669759244279,440804,106,"MYL9, CLDN16, PPP2R2B, IGSF5, TJP3, MPDZ, EPB41L3, CLDN11, CLDN3, RRAS, AMOTL1, GNAI1, MYL5, CLDN2, JAM3, ACTN1, CGN, GNAI2, MAGI1, ACTB, ACTN4, CLDN9, PPP2R1A, MYH10, AKT1, TJP2, CLDN4"
REACTOME_METABOLISM_OF_NUCLEOTIDES,0.6005334069735331,1,-0.2984436935212574,-0.9221250040029838,413184,63,"TYMS, TK1, NME1-NME2, GDA, NT5M, ADA, GLRX, RRM2, PNP, DUT, TYMP, XDH, RRM1, DPYD, GMPR, CDA, ADSSL1, NT5C, DTYMK, GPX1, DCK, NME4, NT5E, CAT, AK1, GUK1"
REACTOME_RAF_MAP_KINASE_CASCADE,0.6019503424186584,1,-0.4263987692503924,-0.9030229718403472,350180,10,"MAPK3, CDK1, MAP2K1, KRAS, MAPK1, NRAS"
REACTOME_FORMATION_OF_TRANSCRIPTION_COUPLED_NER_TC_NER_REPAIR_COMPLEX,0.6022040836362744,1,0.30870636038943167,0.9098817951520012,220817,29,"TCEA1, GTF2H3, GTF2H1, ERCC5, CDK7, ERCC3, MNAT1, POLR2D, ERCC4, ERCC8, POLR2G, POLR2B, GTF2H2, ERCC6, POLR2A"
BIOCARTA_ASBCELL_PATHWAY,0.6035163602142753,1,-0.5117787341959827,-0.9161312682381638,333478,5,"HLA-DRB1, CD4"
BIOCARTA_ERYTH_PATHWAY,0.6060618822015559,1,0.41693120931719885,0.8861146940093724,259045,8,"FLT3, IL11, IL6, IL1A, TGFB2"
PID_ERA_GENOMIC_PATHWAY,0.6065192889923463,1,-0.3023680229435627,-0.9167603044422794,411677,56,"NR0B1, TFF1, APBB1, COL18A1, PCNA, ABCA3, CD82, GREB1, C3"
KEGG_BUTANOATE_METABOLISM,0.6068154668542513,1,-0.3392498658437628,-0.9045831308809763,383010,28,"OXCT2, ACADS, HMGCS1, ABAT, BDH2, ACAT2, AKR1B10, L2HGDH, HADH"
KEGG_P53_SIGNALING_PATHWAY,0.6082045841024374,1,-0.2971152836004663,-0.9180205111618918,418462,63,"CDKN2A, SERPINE1, TP73, SESN1, GTSE1, CCNE2, CD82, CDK2, RRM2, DDB2, CCNB1, PMAIP1, CCNB2, SFN, CCNG1, CDK1, CCND3, CHEK1, THBS1, FAS, SHISA5, CHEK2"
PID_BMP_PATHWAY,0.6082117982893875,1,-0.31971401633996177,-0.9092878974504462,396724,39,"GREM1, BMP4, SMAD6, SOSTDC1, BMPR1B, CHRD, SMAD7, FST"
BIOCARTA_MYOSIN_PATHWAY,0.6085736988478347,1,-0.3411528054300278,-0.9030987796654314,382944,27,"ARHGEF6, PLCB1, ARHGEF19"
REACTOME_SULFUR_AMINO_ACID_METABOLISM,0.6089211266650849,1,0.3288441580153756,0.8981010192090229,233544,21,"CTH, GOT1, MTR, MTAP, CBS, GCLC, CNDP2, ADI1, MAT2A, GCLM"
PID_RHOA_PATHWAY,0.6107480071598695,1,0.2853131959453528,0.9157096308293926,208476,43,"PIP5K1B, ACTA1, SLC9A3, FOS"
PID_NFAT_TFPATHWAY,0.6115140663409304,1,0.3030593661697504,0.9066965418067217,221649,31,"EGR2, PPARG, FOS, CBLB, SLC3A2, CREM, FOSL1, PTPRK, NFATC1, JUN"
KEGG_EPITHELIAL_CELL_SIGNALING_IN_HELICOBACTER_PYLORI_INFECTION,0.6143035961758301,1,0.26831058897552995,0.9242763724396393,192378,62,"JAM2, ATP6V0A4, HBEGF, ATP6V1G2, ATP6V1E2, PTPRZ1, ATP6V0A2, JUN, ADAM17, TJP1, MAPK8, PLCG2"
KEGG_LONG_TERM_POTENTIATION,0.6156708694637361,1,-0.2992607013686877,-0.9124686433268537,419402,58,"PPP1R1A, GRIN2D, CAMK2B, CALML3, PLCB1, CACNA1C, GRIN2A, MAPK3, PPP3CC, CALM3, PRKACB, RPS6KA6, CALML5, RAPGEF3, PLCB3, ADCY1, RPS6KA1"
BIOCARTA_GPCR_PATHWAY,0.616736805946598,1,-0.33062462780435414,-0.899946046864825,393194,31,"GNAI1, NFATC4, MAPK3, PPP3CC, CALM3, NFATC2, PRKACB"
REACTOME_COPI_MEDIATED_TRANSPORT,0.6193911791204659,1,0.3990673981754612,0.8759619988016857,261929,9,"COPB1, ARFGAP1, COPA, ARCN1"
KEGG_REGULATION_OF_AUTOPHAGY,0.6195537811299787,1,0.3335681593396242,0.8893581757474313,240840,19,"PRKAA2, BECN1, ULK2, GABARAPL1, ULK1, ATG4B, ATG3, PRKAA1, ATG12"
REACTOME_ACTIVATED_TAK1_MEDIATES_P38_MAPK_ACTIVATION,0.6197036707954274,1,-0.3759054852889094,-0.8893117647341644,373834,16,"NOD2, IRAK2, NOD1, MAP2K3"
BIOCARTA_IL3_PATHWAY,0.6229193404831802,1,0.3632365382302889,0.8792587457566413,253354,13,"STAT5A, FOS, JAK2, SOS1"
REACTOME_MRNA_DECAY_BY_3_TO_5_EXORIBONUCLEASE,0.6231673605650246,1,0.3781087921967999,0.8761658660173645,258343,11,"EXOSC5, EXOSC8, EXOSC1, EXOSC2, DIS3, EXOSC3"
ST_GA13_PATHWAY,0.6233600143595152,1,0.29563895479043323,0.9027012482447979,222263,34,"BCL2, TBXA2R, AKT3, CFB, NFKBIL1, PDPK1, MAPK8, ROCK2, NFKBIB, ARHGEF11, SRF, ROCK1, NFKB1"
REACTOME_DESTABILIZATION_OF_MRNA_BY_BRF1,0.6233938410198763,1,0.34589241714729285,0.8829653589601758,247333,16,"EXOSC5, EXOSC8, EXOSC1, EXOSC2, DIS3, MAPKAPK2, EXOSC3, YWHAB, XRN1"
BIOCARTA_ERK5_PATHWAY,0.6245109093772891,1,0.35076778738758385,0.8809760592850673,249789,15,"MEF2C, CREB1, MEF2A, MEF2D"
BIOCARTA_ETC_PATHWAY,0.6250292224758657,1,-0.41773188725048416,-0.8846683373888794,363606,10,"NDUFA1, SDHA, SDHC, UQCRC1, GPD2, SDHD"
REACTOME_G_ALPHA_Z_SIGNALLING_EVENTS,0.6252997276682544,1,-0.3217123941675482,-0.896495142315434,403423,35,"ADRA2A, ADCY2, GNB3, ADCY5, GNAI1, GNAI2, GNAZ, RGS19, RGS20, ADCY1, GNB5, ADCY7, ADCY6, GNB2, GNG7"
REACTOME_CALNEXIN_CALRETICULIN_CYCLE,0.6279723855791358,1,0.3765519552656853,0.8725583133601709,260335,11,"UGGT2, EDEM1, CANX"
ST_G_ALPHA_I_PATHWAY,0.6280620535726602,1,0.3000535482572224,0.897703700763613,227647,31,"ITPR1, PITX2, AKT3, CFB, SOS1, SOS2, TERF2IP, ITPKB, PLCB2"
REACTOME_GLYCOGEN_BREAKDOWN_GLYCOGENOLYSIS,0.628150493729428,1,-0.37862064987172095,-0.8824148389278214,376905,15,"GYG2, AGL, CALM3, PGM1, PYGL"
KEGG_MTOR_SIGNALING_PATHWAY,0.6288842198385491,1,0.27830841348466073,0.9092568119557759,210418,47,"RPS6KA2, PRKAA2, DDIT4, EIF4EBP1, VEGFA, AKT3, HIF1A, PDPK1, TSC1, ULK2, TSC2"
KEGG_PROPANOATE_METABOLISM,0.6303174229732568,1,-0.33140987793469545,-0.890177624153855,399191,29,"ACSS3, ABAT, ACACB, LDHA, SUCLG2, ACAT2, ACSS1, HIBCH, ACSS2, PCCA, ECHS1"
REACTOME_FORMATION_OF_THE_HIV1_EARLY_ELONGATION_COMPLEX,0.6303837374516953,1,0.30343388084865197,0.8943416775353281,231150,29,"GTF2H3, GTF2H1, CTDP1, NCBP2, CDK7, ERCC3, SUPT4H1, MNAT1, POLR2D, NCBP1, POLR2G, POLR2B, GTF2H2"
KEGG_VIBRIO_CHOLERAE_INFECTION,0.630599747153988,1,0.27808743623977017,0.9085348608559575,210992,47,"ATP6V0A4, ATP6V1G2, PRKCG, KCNQ1, ATP6V1E2, ATP6V0A2, SEC61A1"
KEGG_LYSINE_DEGRADATION,0.6310506213351982,1,-0.316163450430508,-0.8948528807087401,410570,38,"OGDHL, PIPOX, PLOD1, OGDH, PLOD2, ACAT2, SUV39H1, HADH, AADAT, SUV39H2, DOT1L, ECHS1, TMLHE"
KEGG_TRYPTOPHAN_METABOLISM,0.6311794671648062,1,-0.32923684238588413,-0.8903246543782384,401070,30,"KMO, DDC, OGDHL, IL4I1, MAOA, OGDH, KYNU, ACAT2, HAAO"
REACTOME_REGULATION_OF_SIGNALING_BY_CBL,0.6311857090526274,1,-0.3675035422721355,-0.8814666612800977,382519,17,"SYK, PIK3R3, BLNK, VAV1"
BIOCARTA_NFKB_PATHWAY,0.6322634124026908,1,-0.3515419355534951,-0.8832103068756233,389766,21,"TNFRSF1B, IL1R1, TNFAIP3"
BIOCARTA_ATM_PATHWAY,0.6329254269640087,1,0.33040428869116034,0.8809226756871459,246038,19,"GADD45A, TP53, RAD50, JUN, MAPK8, RBBP8, ATM, NBN, NFKB1"
REACTOME_RAP1_SIGNALLING,0.6357711641425351,1,0.35345221272361727,0.8721668328012648,256368,14,"RASGRP1, PRKG1"
REACTOME_CIRCADIAN_CLOCK,0.6363743799373953,1,0.27454294885949615,0.9077957153143984,210007,50,"MEF2C, F7, TBL1X, ARNTL, PER2, TGS1, MED1, HIF1A, RORA, TBL1XR1, CREB1, ATF2, NCOA6, CREBBP, CPT1A, NAMPT, RPS27AP11, EP300, MEF2D, NCOR1, FBXL3, NR3C1"
KEGG_ENDOCYTOSIS,0.6365463675019196,1,-0.26379721308471216,-0.9254397171727027,496558,164,"RET, F2R, DAB2, EHD3, KIT, CXCR4, HLA-G, HSPA2, PSD, EHD2, ADRB1, DNM1, FGFR3, AGAP2, IL2RG, HSPA1A, ADRB2, FGFR4, HLA-F, EPN3, DNM3, LDLR, EGF, CLTCL1, ARRB1, PLD2, EGFR, AP2A1, HSPA1B, DNAJC6, HSPA6, GRK5, PSD4, HLA-E, CDC42, CHMP2A, SMURF1, RAB11B, AP2S1, HSPA1L, HLA-B, VPS28, CSF1R, CHMP4B, HLA-C"
BIOCARTA_LAIR_PATHWAY,0.6368735560426879,1,0.39292655924649444,0.8624827179405319,269322,9,"IL6, SELPLG, IL1A"
REACTOME_DOPAMINE_NEUROTRANSMITTER_RELEASE_CYCLE,0.6374934506968458,1,-0.43711671516238765,-0.876677231336845,365015,8,SYN1
KEGG_HOMOLOGOUS_RECOMBINATION,0.6386097829025565,1,-0.3385084387188737,-0.8818678411331082,399201,25,"RAD54L, POLD1, RAD51B, BLM, RPA3, RAD54B, RAD51, POLD2, RPA1, EME1, RPA2, XRCC3, POLD4, XRCC2"
PID_AMB2_NEUTROPHILS_PATHWAY,0.638768330193666,1,-0.32556776763997203,-0.8861814905318441,407240,31,"ITGAM, LCK, PLAUR, PLAU, MMP2, ITGB2, AGER, MST1R, JAM3, LRP1, CTGF, MST1, HMGB1, PLAT, AKT1"
KEGG_TERPENOID_BACKBONE_BIOSYNTHESIS,0.6416555371413346,1,-0.3804581527787685,-0.8725449379569532,382914,14,"HMGCS1, MVD, FDPS, ACAT2, MVK, IDI1"
BIOCARTA_SPRY_PATHWAY,0.641951115345445,1,-0.36011802574865387,-0.8748407835195458,390806,18,"PTPRB, MAPK3, EGF, EGFR, SPRY2"
KEGG_PROTEASOME,0.6426938696666007,1,-0.31243699596774194,-0.8885915681818418,419216,39,"PSMB9, PSMA2, PSME1, PSMB8, PSMB5, PSMB6, PSMB7, PSME2, PSMB2, PSMD2, PSMB1, PSMB10, PSMC2, PSMC3, PSMA4, PSMA3, PSMD3, PSMA5, PSMD4, PSMD11, PSMA6, PSMC4, PSMA1, POMP, PSMD14, PSMC1, PSMD8, PSMD13, PSMA7, PSMC5, PSMD1, PSMD7, PSMD12, PSME4, PSMC6, PSMD6, PSME3, PSMB4, PSMF1"
REACTOME_N_GLYCAN_TRIMMING_IN_THE_ER_AND_CALNEXIN_CALRETICULIN_CYCLE,0.6438378056756212,1,0.35717081854563815,0.8645759247276178,261862,13,"UGGT2, EDEM1, CANX"
PID_CONE_PATHWAY,0.6457161570690426,1,-0.4211004179563376,-0.8690215650435041,372656,9,"RGS9, GNB3, RDH5, SLC24A2, RGS9BP"
PID_MYC_PATHWAY,0.6457560845686451,1,-0.33926853739172874,-0.8765913613369971,402471,24,CDKN2A
KEGG_CITRATE_CYCLE_TCA_CYCLE,0.646418940971067,1,-0.3296416771646712,-0.8789636501604428,408007,28,"OGDHL, IDH2, PC, OGDH, SUCLG2, SDHA, SDHC, IDH3G, ACO1"
REACTOME_CROSS_PRESENTATION_OF_SOLUBLE_EXOGENOUS_ANTIGENS_ENDOSOMES,0.6467168158329826,1,-0.3091580848903611,-0.8873136239309237,424015,41,"MRC2, PSMB9, PSMA2, PSME1, PSMB8, PSMB5, PSMB6, PSMB7, PSME2, PSMB2, PSMD2, PSMB1, PSMB10, PSMC2, PSMC3"
SIG_PIP3_SIGNALING_IN_B_LYMPHOCYTES,0.6478225385320154,1,-0.32161768486499404,-0.8809272751833193,414345,32,"CDKN2A, CD19, SYK, PIK3R5"
KEGG_DORSO_VENTRAL_AXIS_FORMATION,0.6481458634656223,1,0.31692408943747025,0.8753530577866429,246916,22,"CPEB1, ETS1, PIWIL4, SPIRE1, SOS1, SOS2"
BIOCARTA_IGF1R_PATHWAY,0.649072843081983,1,-0.34386382347426686,-0.8726088460731185,401803,22,"MAPK3, PRKACB, BAD, AKT1, ADCY1, RPS6KA1, IGF1R, YWHAH, MAP2K1"
REACTOME_ANTIGEN_ACTIVATES_B_CELL_RECEPTOR_LEADING_TO_GENERATION_OF_SECOND_MESSENGERS,0.6520937590753092,1,-0.3375959865324056,-0.8722698771052111,406421,24,"CD19, SYK, BLNK, CALM3, VAV1"
REACTOME_PLATELET_ADHESION_TO_EXPOSED_COLLAGEN,0.6530074400083831,1,-0.43062610123620637,-0.8636597162222216,373898,8,"COL1A1, GP1BB, ITGA2, VWF"
PID_TCR_PATHWAY,0.6530869031145488,1,0.27475990796988686,0.8976635483128548,218516,47,"RASGRP1, ZAP70, FYN, HLA-DRA, TRPV6"
REACTOME_REGULATION_OF_COMPLEMENT_CASCADE,0.6531504176807839,1,0.3774961567251334,0.8522666981659272,273187,10,"CD55, CFB, C4A"
REACTOME_FORMATION_OF_FIBRIN_CLOT_CLOTTING_CASCADE,0.6535477688429648,1,-0.37071861599776884,-0.8639983263830141,392144,15,"TFPI, THBD, F10, GP1BB, PROC, F12, VWF, PROS1"
BIOCARTA_EIF4_PATHWAY,0.6542976225356276,1,0.3126595755507923,0.8729856095574341,247879,23,"EIF4EBP1, EIF4G3, PABPC1, PDPK1"
KEGG_CYTOSOLIC_DNA_SENSING_PATHWAY,0.6561396487925306,1,0.2884335303313202,0.886222434318863,232819,35,"AIM2, IL18, CXCL10, IL6, IRF7, POLR3C, POLR3B, POLR3D, POLR1C, NFKBIB, POLR3F, RIPK1, CASP1, MAVS, POLR3H, NFKB1, CHUK, IKBKB"
REACTOME_NUCLEAR_RECEPTOR_TRANSCRIPTION_PATHWAY,0.6574364255358391,1,-0.3105218111464574,-0.8788850730498282,427737,38,"NR0B1, ESRRG, RORC, THRB, NR3C2, AR, NR5A2, NR4A2, RARG"
ST_INTEGRIN_SIGNALING_PATHWAY,0.6582117030712386,1,-0.28310733718657616,-0.8949774648820541,460840,73,"ARHGEF6, CDKN2A, MAPK10, ITGA1, ITGA7, ITGB3BP, ITGA2, EPHB2, ACTN1, MAPK8IP2, ITGA10, ITGA3, PAK4, DOCK1, CAV1, AKT1, TNK2, ILK, GRB7, CDC42, MAP3K11"
REACTOME_HOMOLOGOUS_RECOMBINATION_REPAIR_OF_REPLICATION_INDEPENDENT_DOUBLE_STRAND_BREAKS,0.6582592391983667,1,-0.3692420459187072,-0.8605570261028463,394971,15,"LIG1, H2AFX, RPA3, BRIP1, RAD51, RPA1, RPA2"
REACTOME_SEMA3A_PAK_DEPENDENT_AXON_REPULSION,0.6598907353170933,1,0.3467783642171383,0.8556986679264768,266094,14,"FYN, PLXNA2"
KEGG_BETA_ALANINE_METABOLISM,0.6621800979007195,1,-0.35422954166785264,-0.8605357899933788,403121,18,"AOC2, AOC3, ABAT, DPYD, HIBCH"
REACTOME_REGULATED_PROTEOLYSIS_OF_P75NTR,0.6622363101295415,1,-0.4039986177920236,-0.8555841591646668,385251,10,"NGFR, APH1B"
PID_RETINOIC_ACID_PATHWAY,0.6645440339475787,1,0.29691741529724663,0.87513503285693794,243676,29,"RBP1, PRKCG, RARB, MAPK8, CDK7, CREBBP, MNAT1, EP300"
REACTOME_INFLAMMASOMES,0.6659466687668932,1,-0.372672388951926,-0.8546890219629804,397410,14,"PSTPIP1, PYCARD"
BIOCARTA_NO2IL12_PATHWAY,0.6679911636703271,1,-0.4566815214986396,-0.853646331050045,374048,6,"CD4, STAT4"
BIOCARTA_IGF1MTOR_PATHWAY,0.6685359874258167,1,0.3218793343271429,0.8581934743253539,259881,19,"EIF4EBP1, EIF2S2, PDPK1, EIF2S3, GSK3B, EIF2S1, RPS6, PTEN"
REACTOME_REGULATION_OF_BETA_CELL_DEVELOPMENT,0.6702684056637865,1,-0.3519019013174943,-0.8548812140980848,408045,18,"NKX6-1, INSM1, ONECUT3"
REACTOME_TETRAHYDROBIOPTERIN_BH4_SYNTHESIS_RECYCLING_SALVAGE_AND_REGULATION,0.671982336829579,1,0.34914970522861366,0.8451598327533365,273309,13,"NOS3, PRKG2, PTS, GCH1"
BIOCARTA_CASPASE_PATHWAY,0.6724214416774509,1,0.31161730263214316,0.8606955665706543,256164,22,"PRF1, XIAP, CASP10, CASP8, DFFA, CASP9, CASP1, DFFB, BIRC2, CYCS"
KEGG_CYSTEINE_AND_METHIONINE_METABOLISM,0.678151944037742,1,0.2962137155356764,0.8661662388469751,250115,28,"CTH, GOT1, MTR, LDHC, SDS, MTAP, SMS, CBS, ADI1, MAT2A, MPST, SRM"
REACTOME_NUCLEAR_EVENTS_KINASE_AND_TRANSCRIPTION_FACTOR_ACTIVATION,0.6794887788822679,1,0.3047887612377461,0.8597373754348517,255993,24,"MEF2C, RPS6KA2, CREB1, DUSP3, MAPKAPK2, MEF2A, DUSP6"
REACTOME_GROWTH_HORMONE_RECEPTOR_SIGNALING,0.6804600697272816,1,-0.34165951731062233,-0.8493570785232643,417679,20,"PRLR, SOCS2, SOCS3, MAPK3, CISH"
BIOCARTA_MEF2D_PATHWAY,0.6811029626289685,1,-0.3571879268610106,-0.8450300355004553,410873,16,"PPP3CC, CALM3, NFATC2, CAPNS1, CALM2, HDAC1, PPP3CB, CABIN1"
REACTOME_SYNTHESIS_OF_SUBSTRATES_IN_N_GLYCAN_BIOSYTHESIS,0.6838763915375669,1,0.340053812668679,0.8391053899248062,275766,14,"GFPT2, ALG5, DPM1, PMM2, GMPPA, GNPNAT1, DPM2, PGM3, DOLPP1, DOLK"
KEGG_GLYCOLYSIS_GLUCONEOGENESIS,0.6839043201676143,1,-0.29938830851243103,-0.8666300003841204,450456,43,"ALDH3A1, PGAM4, ALDH3B1, ALDH1A3, ALDH3B2, ALDOC, ENO2, PGM1, LDHA, PGAM1, ALDOA, GALM, ACSS1, ACSS2, HK1, GAPDH, TPI1, PDHB, PFKP, PGK1, PFKL, ENO3, ENO1"
KEGG_GALACTOSE_METABOLISM,0.6840686515684314,1,0.31486680652890836,0.849962900584577,264174,20,"MGAM, B4GALT1"
REACTOME_LIGAND_GATED_ION_CHANNEL_TRANSPORT,0.6844209864194115,1,0.37610446925078395,0.8255578484973369,289429,9,"GABRB3, GLRB"
KEGG_ONE_CARBON_POOL_BY_FOLATE,0.6845911343053243,1,0.3256153557679412,0.8441838220167771,269706,17,"MTHFD1L, MTHFD2, SHMT2, MTR, MTHFD2L, GART"
REACTOME_INTRINSIC_PATHWAY,0.6848206241442668,1,0.3759858804041523,0.8252975432867234,289598,9,"SERPING1, GP1BA"
REACTOME_BASE_FREE_SUGAR_PHOSPHATE_REMOVAL_VIA_THE_SINGLE_NUCLEOTIDE_REPLACEMENT_PATHWAY,0.6872247538624116,1,0.36602107426807984,0.8263595982852366,287439,10,"POLB, MUTYH, MBD4, CCNO, TDG"
REACTOME_PI3K_AKT_ACTIVATION,0.6899978299650822,1,0.2825362185805663,0.8681027310732421,244833,35,"TRIB3, IRS2, AKT3, PDPK1, THEM4, MAPKAP1, TSC2, CREB1, FOXO3, CASP9"
REACTOME_GABA_A_RECEPTOR_ACTIVATION,0.6900255882339573,1,0.4132504632330268,0.8132575338346594,303642,6,GABRB3
REACTOME_SYNTHESIS_OF_PIPS_AT_THE_LATE_ENDOSOME_MEMBRANE,0.6900435612128283,1,0.3650369945426802,0.8241378581076033,288618,10,"MTM1, MTMR7, PIKFYVE, PIK3C2A, PIK3C3, VAC14, MTMR4, MTMR2, FIG4, PIK3R4"
BIOCARTA_BIOPEPTIDES_PATHWAY,0.6901325947552507,1,-0.3060616968931105,-0.8575070647254442,446521,36,"STAT4, MAPT, CAMK2B, GNAI1, MAPK3, CALM3"
REACTOME_PACKAGING_OF_TELOMERE_ENDS,0.6940416537569976,1,-0.33460866324325267,-0.8406673294354201,427850,21,"HIST1H4C, HIST1H4J, HIST1H2BJ, H2AFX, HIST1H2BK"
REACTOME_RNA_POL_II_TRANSCRIPTION,0.6961099757701131,1,0.2451917645197128,0.9034654425038988,194497,92,"TCEA1, TAF4B, GTF2H3, GTF2H1, TAF1, UPF3B, CTDP1, TAF12, NCBP2, ZNF473, PCF11, ELL, TBP, GTF2A1, CDK7, ERCC3, SUPT4H1, TAF13, MNAT1, NFX1, CCNT1, POLR2D, NCBP1, SRSF6, CDC40, POLR2G, PAPOLA, LSM10, MAGOH, SUPT16H, GTF2B, POLR2B, GTF2H2, TAF11, CSTF3, CPSF2"
REACTOME_APOPTOTIC_CLEAVAGE_OF_CELLULAR_PROTEINS,0.696626775310035,1,-0.3059875257197115,-0.852675667428517,449441,35,"VIM, MAPT, GSN, LMNB1, DSG1, LMNA"
REACTOME_POTASSIUM_CHANNELS,0.6975092609647776,1,-0.28331138071479745,-0.8685973677233902,477133,60,"KCNK2, KCNS1, KCNJ8, ABCC9, GNB3, KCNK3, KCNJ4, KCNN4, KCNH3, KCND3, KCNMB4, KCNH1, KCNC4, KCNQ4, KCNJ12, KCNK6, KCNK7, KCNJ11, KCNJ15, GABBR1"
REACTOME_INCRETIN_SYNTHESIS_SECRETION_AND_INACTIVATION,0.6983363673139159,1,-0.3680200254754839,-0.8295163808433502,414308,13,"ISL1, GNB3, PCSK1"
KEGG_RIBOSOME,0.6988514144242867,1,-0.27155129450895266,-0.8791940905291319,499350,86,RPS4Y1
PID_ER_NONGENOMIC_PATHWAY,0.7005760880292115,1,-0.3025438643917159,-0.8519757317189625,454331,37,"GNAO1, PLCB1, GNA15, GNAI1, MMP2, GNAL, GNAI2, GNAZ, AKT1, PLCB3, MSN"
REACTOME_TRAF6_MEDIATED_IRF7_ACTIVATION,0.7026822665934055,1,0.32534606224138607,0.8305163351150194,278791,16,"IRF7, SIKE1, CREBBP, MAVS, EP300, TRIM25, RNF135, TANK, TRAF6, TBK1"
PID_RB_1PATHWAY,0.7027985060883529,1,-0.2847656661451977,-0.86339109621624055,477027,56,"CEBPA, CDKN2A, GSC, E2F2, E2F1, CCNA2, CDK2, CCND3, SKP2, DNMT1, PPP2R3B, SUV39H1, CDKN1B, CCNE1, HDAC1, RB1, E2F3"
BIOCARTA_VDR_PATHWAY,0.7029264845634641,1,0.34605522297305674,0.8203879395985082,288473,12,"MED1, TSC2, CREBBP, EP300, NCOR1, NCOA3"
REACTOME_GLUCAGON_SIGNALING_IN_METABOLIC_REGULATION,0.70295429146267,1,-0.319845913840918,-0.840158452299884,440932,26,"ADCY2, GNB3, ADCY5, PRKACB, ADCY1, ADCY7, ADCY6, GNB2, GNG7, PRKACA"
BIOCARTA_INTEGRIN_PATHWAY,0.7030518581980819,1,0.2802495208951837,0.8610767698857086,249465,35,"ACTA1, FYN, SOS1, JUN"
BIOCARTA_MPR_PATHWAY,0.7034910163337955,1,-0.31211626670589354,-0.844027069592212,447019,30,"PAQR7, GNAI1, MAPK3, CCNB1, CDK1, PRKACB, CDC25C, PAQR5, ADCY1, RPS6KA1, ACTR2, ARPC5, CAP1, ARPC1A"
BIOCARTA_SARS_PATHWAY,0.7039691173890156,1,0.3800918725844694,0.8078190978368261,300893,8,"LDHC, NCL, GPT"
REACTOME_PECAM1_INTERACTIONS,0.7041983973796573,1,0.37999850947594965,0.8076206708050065,300991,8,"FYN, YES1"
REACTOME_GLYCOPROTEIN_HORMONES,0.7042098128276253,1,-0.48726987890016993,-0.8275984789086193,382330,4,"INHA, INHBA"
KEGG_AMINO_SUGAR_AND_NUCLEOTIDE_SUGAR_METABOLISM,0.7054988813838726,1,-0.2979430924149192,-0.851341360498607,461348,40,"RENBP, GALK1, PGM1, GALE, GALT, NANP, CYB5R3, AMDHD2, HK1, HEXB, NPL, GNPDA1, GNPDA2, CMAS, HK2, MPI, GALK2, GPI"
BIOCARTA_IL10_PATHWAY,0.7055830136320463,1,0.3338431337089943,0.823780126698772,284519,14,"IL6, STAT5A, HMOX1, IL1A, JAK1"
PID_IL6_7_PATHWAY,0.7060936583439328,1,0.27263404592761775,0.866311203571429,243148,41,"CEBPB, IL6, FOS, MYC, JAK2, SOS1, JUN, LMO4, JAK1"
BIOCARTA_PGC1A_PATHWAY,0.706539921591374,1,0.309554424915693,0.8356224645927439,272852,20,"MEF2C, CAMK1, CAMK4, ESRRA, MEF2A, MEF2D"
REACTOME_ACTIVATED_TLR4_SIGNALLING,0.7067288003164455,1,-0.270014638058549,-0.8756002409065244,505626,87,TMEM189-UBE2V1
BIOCARTA_SHH_PATHWAY,0.7070638723386525,1,-0.35396101185315865,-0.8249429854577571,424255,15,"GLI2, PTCH1, GLI3, PRKACB"
KEGG_RNA_POLYMERASE,0.7076302964686119,1,0.2885888358536919,0.8505873597684794,259475,29,"POLR3C, POLR3B, POLR3D, POLR1B, POLR1C, POLR3F, POLR2J2, POLR1A, POLR3H, POLR2D, POLR1E, ZNRD1, POLR2G, POLR3A, POLR2B, POLR1D"
BIOCARTA_RARRXR_PATHWAY,0.7082182225477965,1,0.3282586814292904,0.8244429790588146,283270,15,"TBP, GTF2A1, ERCC3, GTF2B, NCOA3, POLR2A, HDAC3, RARA, NCOA1, NCOA2, NCOR2, GTF2F1, RXRA, KAT2B, GTF2E1"
REACTOME_RNA_POL_I_PROMOTER_OPENING,0.7104770192813756,1,-0.3202476281525373,-0.8342955512001842,444126,25,"H3F3AP6, HIST1H4C, HIST1H4J, HIST1H2BJ, MAPK3, H2AFX, HIST1H2BK"
REACTOME_ABCA_TRANSPORTERS_IN_LIPID_HOMEOSTASIS,0.713112640611678,1,-0.3847869383823634,-0.8148978601280767,414848,10,"ABCG4, ABCA3, ABCA7, ABCA2, ABCD1"
REACTOME_SYNTHESIS_OF_GLYCOSYLPHOSPHATIDYLINOSITOL_GPI,0.713723045911466,1,-0.3471973583233392,-0.8213944928317826,430551,16,SEMA6D
REACTOME_RESOLUTION_OF_AP_SITES_VIA_THE_SINGLE_NUCLEOTIDE_REPLACEMENT_PATHWAY,0.7139574551036819,1,0.34265158363360276,0.8123189827399998,293000,12,"POLB, MUTYH, MBD4, CCNO, TDG"
PID_HEDGEHOG_GLI_PATHWAY,0.7145162282010639,1,-0.28854944706321667,-0.8518851637079964,476462,48,"GLI2, GNAO1, MTSS1, PTCH1, SSPO, GNAI1, GLI3, GNAI2, GNAZ"
BIOCARTA_TFF_PATHWAY,0.715558943771073,1,-0.33504537684463187,-0.8237477844342903,437398,19,"MAPK3, EGFR, BAD, AKT1, ITGB1, RHOA"
KEGG_RNA_DEGRADATION,0.7158201870553764,1,0.26145910503851505,0.8711819893923741,234045,52,"HSPA9, EXOSC5, EXOSC8, HSPD1, ZCCHC7, PNPT1, PARN, TTC37, CNOT10, EXOSC1, EXOSC2, DIS3, CNOT2, EXOSC3, EDC3"
REACTOME_LOSS_OF_NLP_FROM_MITOTIC_CENTROSOMES,0.7160392109960887,1,-0.2830242668511377,-0.8555101107363791,484943,55,"TUBB4A, PLK4, TUBB, PLK1, TUBA4A, CEP41, TUBB4B, CDK1, NEK2, DCTN3, PPP2R1A, NINL, CENPJ"
REACTOME_ANDROGEN_BIOSYNTHESIS,0.7184772805291224,1,0.48541892417428967,0.7984488430869733,336967,3,"HSD3B1, SRD5A1"
SIG_IL4RECEPTOR_IN_B_LYPHOCYTES,0.7190251165199378,1,0.29005527597688646,0.8409972622828581,266579,27,"BCL2, IRS2, AKT3, SOCS1, SOS1, SOS2, PDPK1, JAK1"
REACTOME_MRNA_SPLICING_MINOR_PATHWAY,0.719426913766395,1,-0.2950101091853491,-0.8429606663440855,470456,40,"POLR2L, SRSF2, SNRPG, SNRPD2, SNRPB, SRSF7, LSM2, DDX23, SNRPF, SRSF1, SNRPE, PRPF8, SF3B4, TXNL4A, POLR2H, POLR2E, EFTUD2, SF3B3"
REACTOME_REGULATION_OF_INSULIN_SECRETION_BY_ACETYLCHOLINE,0.7203307834713053,1,-0.40226934179878393,-0.8067876623954784,412446,8,"PLCB1, GNA15"
REACTOME_ACTIVATION_OF_THE_MRNA_UPON_BINDING_OF_THE_CAP_BINDING_COMPLEX_AND_EIFS_AND_SUBSEQUENT_BINDING_TO_43S,0.720596579513547,1,-0.27862605242866084,-0.8565433507520217,494022,61,RPS4Y1
REACTOME_TAK1_ACTIVATES_NFKB_BY_PHOSPHORYLATION_AND_ACTIVATION_OF_IKKS_COMPLEX,0.7243621908702877,1,-0.32924050952378936,-0.818483733460284,444627,20,"NOD2, AGER, HMGB1, IRAK2, NOD1, SAA1, NFKB2, NFKBIA"
BIOCARTA_P38MAPK_PATHWAY,0.7250527352191123,1,0.2726887253624142,0.852832457783222,253323,38,"MEF2C, DDIT3, PLA2G4A, MYC, TGFB2, CREB1, ATF2, RIPK1, MAX, MAPKAPK2, MEF2A, MEF2D"
KEGG_VASCULAR_SMOOTH_MUSCLE_CONTRACTION,0.7285534012063295,1,-0.267537857300607,-0.8632168131460743,519027,84,"MYL9, MRVI1, RAMP1, ADCY2, ACTA2, ADRA1D, CALML3, PLCB1, CACNA1C, ADCY5, JMJD7-PLA2G4B"
ST_FAS_SIGNALING_PATHWAY,0.7288231834091399,1,-0.2766030672773209,-0.8524782581304374,500581,62,"FAIM2, TNFRSF6B, MAPK10, HSPB1, SMPD1, EPHB2, TONSL, MAPK8IP2, TPX2, EGFR"
REACTOME_NUCLEOTIDE_LIKE_PURINERGIC_RECEPTORS,0.7289068257589051,1,0.3703908281100503,0.7872012168437023,311552,8,"P2RY1, P2RY11"
SIG_INSULIN_RECEPTOR_PATHWAY_IN_CARDIAC_MYOCYTES,0.7294882039402999,1,-0.28493544041330454,-0.8442215322907983,487497,49,"CDKN2A, F2RL2"
REACTOME_THE_ROLE_OF_NEF_IN_HIV1_REPLICATION_AND_DISEASE_PATHOGENESIS,0.7296075594898406,1,0.2939888197690441,0.8292732818920155,274875,24,"FYN, ELMO1, HLA-K"
KEGG_PYRUVATE_METABOLISM,0.7303446852554261,1,-0.3025805508533542,-0.8287835922287788,467126,32,"PC, HAGHL, ME3, LDHD, ACYP1, ACACB, LDHA, ACAT2, GLO1, ACSS1, AKR1B1, ACSS2, HAGH"
REACTOME_BOTULINUM_NEUROTOXICITY,0.7310312070330403,1,-0.34633396083152024,-0.8071673490759761,438636,15,"VAMP1, STX1B, SYT1, STX10, STX2"
REACTOME_TRANSPORT_TO_THE_GOLGI_AND_SUBSEQUENT_MODIFICATION,0.7311200377701199,1,-0.3039146658562132,-0.8272426768020134,466118,31,"MAN1A1, ST8SIA2, FUT8, B4GALT2, MGAT3, MGAT4B, MGAT5, ST8SIA6, SEC24D"
REACTOME_COMPLEMENT_CASCADE,0.7349172161820605,1,0.3304393673535676,0.7998691571708431,298906,13,"CD55, CFB, C4A"
REACTOME_SIGNALING_BY_ACTIVATED_POINT_MUTANTS_OF_FGFR1,0.7350927020824354,1,-0.4686747202997657,-0.7960157243835607,399097,4,"FGF9, FGFR1, FGF2"
REACTOME_FGFR1_LIGAND_BINDING_AND_ACTIVATION,0.7350927020824354,1,-0.4686747202997657,-0.7960157243835607,399097,4,"FGF9, FGFR1, FGF2"
KEGG_NITROGEN_METABOLISM,0.7351105713540824,1,-0.3361703378182066,-0.8063131676662607,445501,17,"CA14, CA2, CA8, GLUL, AMT"
BIOCARTA_TCR_PATHWAY,0.7356710005974565,1,0.2718152749267945,0.8453907681276237,258580,37,"ZAP70, FYN, FOS, SOS1, NFATC1, JUN"
BIOCARTA_FREE_PATHWAY,0.7361651179792543,1,-0.40831963727722875,-0.7923228488729669,416879,7,"XDH, GPX1, GSS"
REACTOME_DOUBLE_STRAND_BREAK_REPAIR,0.7361950352251473,1,-0.32295135417696474,-0.8113796272397502,453836,21,"LIG1, H2AFX, RPA3, BRIP1, RAD51, TDP1, XRCC4, RPA1, RPA2"
KEGG_INSULIN_SIGNALING_PATHWAY,0.7364649432652933,1,0.23523369157970575,0.8987763853071974,188481,117,"PPP1R3C, FBP1, PYGB, PCK2, IRS2, PRKAA2, EIF4EBP1, AKT3, PRKAB2, SHC2, PDE3B, CBLB, SOCS1, SH2B2, CBLC"
REACTOME_SHC_MEDIATED_SIGNALLING,0.7400358318403399,1,-0.3433953981872014,-0.8003187229290809,444039,15,"SHC3, MAPK3, CDK1"
KEGG_FC_EPSILON_RI_SIGNALING_PATHWAY,0.7406457410995131,1,-0.27774316894752515,-0.842099338555461,502716,56,"SYK, MAPK10, RAC2, PIK3R5, PIK3R3, JMJD7-PLA2G4B, VAV3, LAT, MAPK3, VAV1"
REACTOME_SHC_RELATED_EVENTS,0.7408429037477123,1,-0.33864059725708606,-0.8011510311584589,446911,16,"SHC3, MAPK3, CDK1"
ST_T_CELL_SIGNAL_TRANSDUCTION,0.7423448639492032,1,0.27444128853557903,0.8379764902990879,264688,34,"RASGRP1, ZAP70, NFKBIL1, SOS1, SOS2, ITPKB, NFKBIB, NCK1, NFAT5"
KEGG_NUCLEOTIDE_EXCISION_REPAIR,0.7428623482703388,1,-0.2872649251640972,-0.8315368206670268,489289,43,"POLE2, POLD1, PCNA, LIG1, DDB2, RFC2, RPA3, RFC5, POLE, RFC3, ERCC2, POLD2, ERCC1, RBX1, RPA1, RPA2, POLE4, CETN2, POLD4"
REACTOME_ANTIVIRAL_MECHANISM_BY_IFN_STIMULATED_GENES,0.7429023954505839,1,-0.27251889018817754,-0.8462574275636839,513141,65,"UBA7, IFIT1, HERC5, MAPK3, KPNA2, ISG15, FLNB, KPNA5"
KEGG_PYRIMIDINE_METABOLISM,0.7440930111053059,1,-0.26299372707049,-0.858227443825423,535490,91,"NME5, TYMS, POLE2, TK1, NME1-NME2, POLD1, NT5M, CMPK2, RRM2, PNP, POLA2, DUT, TYMP, RRM1, POLR2L, DPYD, CDA, POLR3GL, NT5C, POLR3K, CANT1, POLE, POLD2, DTYMK, PRIM2, PRIM1, DCK, TXNRD2, NME4, NT5E, POLE4, NME3, UPRT, POLR2J3, POLD4, AK3, POLR3G, POLR2H, TK2, POLR2E"
KEGG_PORPHYRIN_AND_CHLOROPHYLL_METABOLISM,0.7441843464441796,1,-0.30750464787197407,-0.8140254683955315,468277,27,"UGT2B15, UGT1A10, UGT1A6, UGT1A1, BLVRB, ALAD, PPOX, GUSB, BLVRA"
REACTOME_DCC_MEDIATED_ATTRACTIVE_SIGNALING,0.746063500572626,1,0.3325770755112687,0.788435497064092,306176,12,"FYN, ABLIM1, NCK1"
REACTOME_CD28_DEPENDENT_VAV1_PATHWAY,0.7462946715798093,1,0.3636538919975946,0.772883032096569,318984,8,FYN
REACTOME_RNA_POL_III_CHAIN_ELONGATION,0.7470174940679896,1,-0.332455845110283,-0.7974038617440387,452717,17,LZTS1
BIOCARTA_PTC1_PATHWAY,0.7470885046751321,1,-0.36395257595461455,-0.7885673892633883,437373,11,"PTCH1, CCNB1, CDK1, CDC25A, CDC25C, CDC25B"
REACTOME_REGULATION_OF_GENE_EXPRESSION_IN_BETA_CELLS,0.7492759181947375,1,0.32591020565970147,0.7889057638688372,304746,13,"HNF4A, AKT3, FOXA3, PDX1, FOXA2, PAX6, MAFA"
KEGG_GLYCOSAMINOGLYCAN_BIOSYNTHESIS_CHONDROITIN_SULFATE,0.750678062751699,1,-0.31621792950685457,-0.8024530169724491,464701,22,"B3GAT2, CHST15, CHSY3, CSGALNACT1, CHST14, CHST12, CHST11"
REACTOME_GLUTAMATE_NEUROTRANSMITTER_RELEASE_CYCLE,0.7509856477984357,1,0.3309984811318496,0.7846931469869362,308196,12,"SLC1A6, SLC1A1, SLC38A2, GLS2, STX1A"
REACTOME_SYNTHESIS_OF_PC,0.7553718108224952,1,-0.32987355465722595,-0.7912101719362106,457780,17,"SLC44A5, PHOSPHO1, SLC44A2, CHKB, SLC44A3, ACHE"
BIOCARTA_AGPCR_PATHWAY,0.7555058582469265,1,-0.3684823340970061,-0.7803681351893113,439510,10,"PRKACB, ARRB1"
BIOCARTA_ARAP_PATHWAY,0.7570837345055123,1,0.31055355982068644,0.7927552667529733,300375,16,"GPLD1, ARFGEF2, ARFGAP1, COPA, ARFGAP3"
REACTOME_SPRY_REGULATION_OF_FGF_SIGNALING,0.7571372794133665,1,-0.3425976823488668,-0.7857155151124149,451829,14,"MAPK3, PPP2R1A, SPRY2"
REACTOME_MITOCHONDRIAL_FATTY_ACID_BETA_OXIDATION,0.7572394147788565,1,-0.34792522307183593,-0.7842227375365766,449254,13,"ACADS, HADH, DECR1, PCCA, ECHS1, ACADVL, HADHA"
PID_CD8_TCR_DOWNSTREAM_PATHWAY,0.7604654470966458,1,0.267362398515612,0.831541580988892,267295,37,"TNFRSF18, PRF1, FOS, FOSL1, NFATC1, JUN"
BIOCARTA_AT1R_PATHWAY,0.7611356909902324,1,0.27633229958180444,0.8206055626219824,277487,30,"MEF2C, SOS1, JUN, MAPK8, ATF2, AGT, MEF2A, MEF2D"
REACTOME_GLUCOSE_TRANSPORT,0.7616906206816503,1,-0.2965345399290963,-0.8071542907746915,485608,31,"SLC2A3, SLC2A4, NUP62, SLC2A1, NUP205, SLC37A4, NUP107, HK1, NUP85"
PID_RAS_PATHWAY,0.7629860945570123,1,-0.3026716043057566,-0.8012314485978075,480108,27,"LGALS1, CAMK2B, RASAL1, RASA4, RRAS"
KEGG_APOPTOSIS,0.7642871562737242,1,-0.2643772345512304,-0.8407370952586778,537594,76,"TNFRSF10D, TNFSF10, NGF, IL3RA, PIK3R5, PIK3R3, IL1R1, IL1B, CAPN1, PPP3CC, PRKACB, TNFRSF10C, CASP7, BAD, FAS, AKT1, IRAK2"
BIOCARTA_AGR_PATHWAY,0.7643888782746135,1,-0.29890973753061484,-0.8028811985015332,484101,29,"ITGA1, NRG2, MAPK3, LAMA3, DMD, PAK4, EGFR, DAG1, ITGB1, CDC42, UTRN, PXN"
PID_CDC42_PATHWAY,0.7645419328872566,1,-0.2669430705712952,-0.8366276740770282,531887,69,"ARHGEF6, F2RL2, TIAM1, MAPK3, IQGAP3, DIAPH3, ARHGDIA, PAK4, CFL1, TNK2, MAP2K3, CDC42, MAP3K11, LIMK1, ACTR2, ARPC5, VAV2, PLD1"
ST_DIFFERENTIATION_PATHWAY_IN_PC12_CELLS,0.7650439368331794,1,0.2627027478222026,0.8347539019678976,263448,41,"CAMP, MAP1B, EGR2, MAPK8IP1, JUN, TERF2IP, MAPK8, CREB1, PTPN11, CREBBP"
PID_IL23_PATHWAY,0.7655633958139137,1,-0.30965517091073513,-0.7931941937105266,475531,23,"CD4, STAT4, SOCS3, IL1B, CCL2, CXCL1, ITGA3, TYK2"
KEGG_SPHINGOLIPID_METABOLISM,0.7664678500051445,1,-0.29264323367606887,-0.8063041818033432,491659,33,"UGT8, DEGS2, SGPP2"
KEGG_ABC_TRANSPORTERS,0.7669579703722816,1,0.269745341613283,0.8236379294302983,273464,34,"ABCA12, ABCC12, ABCA1, ABCC8, ABCC4, ABCC6, ABCA4, ABCC10, TAP2"
PID_IL27_PATHWAY,0.7672094304939987,1,-0.32619186733567085,-0.7823795505736406,464954,17,"EBI3, STAT4, TGFB1, IL1B, IL27RA, TYK2"
PID_IL3_PATHWAY,0.7678723448936503,1,-0.31137169632083406,-0.7901549336628185,475345,22,"IL3RA, PIM1, CISH, ID1, PRKACB"
REACTOME_EXTRINSIC_PATHWAY_FOR_APOPTOSIS,0.7688721948353199,1,-0.35560265317813455,-0.7704758101967222,450126,11,TNFSF10
BIOCARTA_CDC42RAC_PATHWAY,0.7697279280029998,1,-0.3336059386009058,-0.7775033682806798,461855,15,"CDC42, RHOA, ACTR2, ARPC5, ARPC1A, ARPC3, RAC1, ARPC4, PAK1, ARPC2, PIK3CA, ACTR3, PIK3R1, WASL, ARPC1B"
REACTOME_PROLACTIN_RECEPTOR_SIGNALING,0.7701205341181001,1,-0.3626379156755176,-0.7679908853653282,448012,10,PRLR
KEGG_PANTOTHENATE_AND_COA_BIOSYNTHESIS,0.7701698384463559,1,0.324747196899145,0.7698733209850253,316069,12,"BCAT1, ENPP1"
REACTOME_CRMPS_IN_SEMA3A_SIGNALING,0.770960233661382,1,-0.3379404900484718,-0.7750346832334759,460078,14,"DPYSL5, DPYSL3, DPYSL2, FES"
REACTOME_REGULATION_OF_HYPOXIA_INDUCIBLE_FACTOR_HIF_BY_OXYGEN,0.771313999358605,1,0.29140124043748084,0.795841266012208,295828,21,"VEGFA, HIF3A, HIF1A, VHL, CREBBP, EGLN2, RPS27AP11, EP300, UBE2D2, EGLN1"
BIOCARTA_AKAP13_PATHWAY,0.7718272472917713,1,-0.35447304156407433,-0.7680283075817327,451856,11,"PRKACB, LPAR1, RHOA, LPAR3, GNA12"
REACTOME_CYTOSOLIC_SULFONATION_OF_SMALL_MOLECULES,0.7746923527434407,1,-0.3690282655872692,-0.7615606806146418,447091,9,"SULT1A3, SULT4A1, SULT2B1, PAPSS1"
REACTOME_ACTIVATED_POINT_MUTANTS_OF_FGFR2,0.7749732371733985,1,0.3912561391092152,0.7329573750612071,346760,5,"FGFR2, FGF1"
REACTOME_FGFR2C_LIGAND_BINDING_AND_ACTIVATION,0.7749732371733985,1,0.3912561391092152,0.7329573750612071,346760,5,"FGFR2, FGF1"
REACTOME_CTLA4_INHIBITORY_SIGNALING,0.7753296082531146,1,0.29853695654817586,0.785181689051355,303325,18,"FYN, AKT3, PDPK1"
PID_SMAD2_3PATHWAY,0.7753541880488554,1,-0.32362614227795544,-0.7762255932909313,469890,17,"MAPK3, KPNA2, CTDSPL, UBE2I, SMAD3, CTDSP1, MAPK1"
PID_ECADHERIN_KERATINOCYTE_PATHWAY,0.7763477759799142,1,0.2953411288201373,0.7874374103051952,301791,19,FYN
BIOCARTA_BCELLSURVIVAL_PATHWAY,0.7763709845423107,1,-0.3313456348461548,-0.7722354950826588,465841,15,"ITGA1, BIRC5, CASP7, AKT1, ITGB1, ZBTB7A"
REACTOME_PURINE_RIBONUCLEOSIDE_MONOPHOSPHATE_BIOSYNTHESIS,0.7777748295808147,1,0.32752466428998855,0.7589506963390658,322438,11,"ADSL, ADSS, GART, IMPDH2, PAICS"
REACTOME_MEIOTIC_RECOMBINATION,0.7783446531737198,1,-0.27887883480211406,-0.8105895118515538,513975,44,"H3F3AP6, HIST1H4C, HIST1H4J, HIST1H2BJ, MND1, CDK2, BLM, H2AFX, RPA3, HIST1H2BK, RAD51, H3F3A, HIST2H3C, TEX15, MSH5"
KEGG_VEGF_SIGNALING_PATHWAY,0.7784986658270441,1,0.24699412698913864,0.8483403554368173,244780,61,"PLA2G4E, NOS3, PRKCG, VEGFA, AKT3, SHC2, PLA2G4A"
PID_CIRCADIAN_PATHWAY,0.7789658764218158,1,-0.33045612419151654,-0.7701623979039836,467398,15,"BHLHE40, TIMELESS, CHEK1, PER1"
PID_IGF1_PATHWAY,0.7828507130849737,1,0.2748279572920581,0.8036315862929325,288730,28,"IRS2, GRB10, SOS1, PDPK1, PTPN11"
REACTOME_SYNTHESIS_AND_INTERCONVERSION_OF_NUCLEOTIDE_DI_AND_TRIPHOSPHATES,0.783887447025198,1,-0.3176481412198312,-0.7716679779374338,477214,18,"NME1-NME2, GLRX, RRM2, RRM1, DTYMK, NME4, AK1, GUK1"
BIOCARTA_INSULIN_PATHWAY,0.7839567872143186,1,0.29064659382373603,0.7845819781856527,302749,20,"FOS, SOS1, JUN, MAPK8, PTPN11, SRF, CSNK2A1"
REACTOME_METABOLISM_OF_PORPHYRINS,0.7840193500539374,1,-0.33836908373034297,-0.762683219106436,465142,13,"UGT1A1, BLVRB, ALAD, PPOX, BLVRA, UROD, HMBS"
PID_CD40_PATHWAY,0.7844719904648391,1,-0.2969618920791699,-0.7861167139041517,493628,27,"TRAF1, MAPK10, JAK3, TNFAIP3"
REACTOME_DEFENSINS,0.7856815028189463,1,-0.39836116055150367,-0.7446317118802933,439950,6,"CD4, TLR1"
REACTOME_CDT1_ASSOCIATION_WITH_THE_CDC6_ORC_ORIGIN_COMPLEX,0.7858853324120465,1,-0.27079834493214006,-0.8133922308688392,530015,53,"PSMB9, CDC6, CDT1, ORC1, ORC6, GMNN, PSMA2, MCM8, PSME1, PSMB8, PSMB5, PSMB6, PSMB7, PSME2, PSMB2, PSMD2, PSMB1, PSMB10, PSMC2, PSMC3"
REACTOME_APC_C_CDH1_MEDIATED_DEGRADATION_OF_CDC20_AND_OTHER_APC_C_CDH1_TARGETED_PROTEINS_IN_LATE_MITOSIS_EARLY_G1,0.7864526256122553,1,-0.26550079427132595,-0.8203387315430191,541102,63,"PTTG1, PSMB9, AURKB, PLK1, UBE2C, AURKA, CDC20, SKP2, PSMA2, ANAPC11, PSME1, PSMB8, PSMB5, CDC23, PSMB6, PSMB7, PSME2, ANAPC2, PSMB2, PSMD2, PSMB1, PSMB10, PSMC2, ANAPC5, PSMC3"
REACTOME_COSTIMULATION_BY_THE_CD28_FAMILY,0.7867921911927844,1,0.2524587354574719,0.8315986652439146,261000,49,"TRIB3, PDCD1LG2, FYN, TNFRSF14, AKT3, HLA-DPA1, ICOSLG, PDPK1, THEM4, MAPKAP1"
REACTOME_CREB_PHOSPHORYLATION_THROUGH_THE_ACTIVATION_OF_RAS,0.7869703599596235,1,-0.3036593286462162,-0.7778356022275135,488828,23,"GRIN2D, CAMK2B, RRAS, GRIN2A, CALM3"
PID_RET_PATHWAY,0.7895928760419927,1,0.26195229044402507,0.8147152439865873,277533,37,"DOK6, IRS2, GRB10, SOS1, JUN, MAPK8, CREB1, PTPN11, NCK1"
REACTOME_CDK_MEDIATED_PHOSPHORYLATION_AND_REMOVAL_OF_CDC6,0.7899524211460902,1,-0.2754398172617465,-0.8038867741385192,523160,45,"PSMB9, CDK2, CDC6, PSMA2, PSME1, PSMB8, PSMB5, PSMB6, PSMB7, PSME2, PSMB2, PSMD2, PSMB1, PSMB10, PSMC2, PSMC3"
PID_ARF_3PATHWAY,0.789959903086857,1,-0.3127774737469391,-0.7689995708834194,482877,19,"CD4, PLD2, AP2A1, KDELR1"
REACTOME_RECEPTOR_LIGAND_BINDING_INITIATES_THE_SECOND_PROTEOLYTIC_CLEAVAGE_OF_NOTCH_RECEPTOR,0.7916712899755407,1,0.32265256375906837,0.7476609081376437,328199,11,"DLL4, JAG1, ADAM17"
BIOCARTA_UCALPAIN_PATHWAY,0.7926178141607624,1,0.3079099477494738,0.7597882662759106,319615,14,ACTA1
REACTOME_HDL_MEDIATED_LIPID_TRANSPORT,0.7926296346353111,1,-0.3614396162847545,-0.7459000457346228,457443,9,"PLTP, CUBN, APOE"
REACTOME_REGULATION_OF_IFNG_SIGNALING,0.7933502278320622,1,0.316799595070063,0.7510320602368309,325582,12,"SOCS1, IFNGR1, JAK2, JAK1, PTPN2, SUMO1"
REACTOME_THROMBOXANE_SIGNALLING_THROUGH_TP_RECEPTOR,0.7935390691629777,1,0.2965808115967311,0.7689094467921789,312628,17,"TBXA2R, GNB4, GNG4, GNG11"
REACTOME_TOLL_RECEPTOR_CASCADES,0.7937297889832831,1,-0.25263042678385506,-0.8362913637021953,579263,101,"TMEM189-UBE2V1, MAPK10, NOD2, DNM1, TLR1"
PID_TAP63_PATHWAY,0.7948984502245694,1,0.24826070398171068,0.8332590836195054,257686,54,"GDF15, SHH, GADD45A, EGR2, IGFBP3, BBC3, JAG1, DHRS3"
REACTOME_RESOLUTION_OF_AP_SITES_VIA_THE_MULTIPLE_NUCLEOTIDE_PATCH_REPLACEMENT_PATHWAY,0.7952161099872285,1,-0.3171016005969032,-0.7605763129155023,481927,17,"POLD1, PCNA, LIG1, FEN1, POLD2, MPG, POLD4"
KEGG_NEUROTROPHIN_SIGNALING_PATHWAY,0.7954250776007133,1,-0.24917127371041248,-0.8422625202156782,593231,119,"NGF, MAPK10, NGFR, SHC3, SHC4, CAMK2B, BDNF, PIK3R5, TP73, CALML3, PIK3R3, NTF3"
REACTOME_TRAFFICKING_OF_GLUR2_CONTAINING_AMPA_RECEPTORS,0.8055206759316407,1,0.33079910612053864,0.7261115478838328,340640,9,"PRKCG, NSF"
KEGG_AMYOTROPHIC_LATERAL_SCLEROSIS_ALS,0.8071327174317359,1,-0.273222513436359,-0.7908886893439614,531621,43,"TNFRSF1B, GRIN2D, PRPH, GRIN2A, PPP3CC"
REACTOME_APC_C_CDC20_MEDIATED_DEGRADATION_OF_MITOTIC_PROTEINS,0.8079789070046032,1,-0.2609222857367892,-0.8082506926671522,557115,64,"PTTG1, PSMB9, MAD2L1, CCNB1, UBE2C, CDK1, CDC20, BUB1B, PSMA2, ANAPC11, PSME1, PSMB8, PSMB5, CDC23, PSMB6, PSMB7, PSME2, ANAPC2, PSMB2, PSMD2, PSMB1, PSMB10, PSMC2, ANAPC5, PSMC3"
REACTOME_BASE_EXCISION_REPAIR,0.8089417261467537,1,-0.3067134011801081,-0.7540903475757592,494480,19,"POLD1, PCNA, LIG1, FEN1, POLD2, MPG, POLD4"
PID_LIS1_PATHWAY,0.8090830667958433,1,0.27547575681732805,0.7770522876246015,304817,24,"VLDLR, MAP1B, CLIP1, NDEL1"
PID_INSULIN_PATHWAY,0.810132770570329,1,-0.27252135573137454,-0.7888590700005769,533597,43,"F2RL2, SGK1"
REACTOME_ORGANIC_CATION_ANION_ZWITTERION_TRANSPORT,0.8102323729549732,1,-0.40061612808102964,-0.7171399219471853,447701,5,"SLC22A15, SLC22A18, SLC22A4"
REACTOME_DOWNREGULATION_OF_SMAD2_3_SMAD4_TRANSCRIPTIONAL_ACTIVITY,0.8116587515730925,1,0.2831791580139702,0.7644241105756384,313447,20,"TGIF1, RPS27AP11, TRIM33, SMAD2, NCOR1, RPS27A, USP9X, UBE2D1, SMURF2, SMAD4"
PID_RAC1_REG_PATHWAY,0.813490728785791,1,-0.2786505357464894,-0.7764974437702895,524838,35,"ARHGEF6, NGEF, VAV3, TIAM1, RACGAP1, VAV1, ARHGEF25, ARHGDIA, DOCK1"
BIOCARTA_IL1R_PATHWAY,0.8142174366689696,1,-0.2845315560782847,-0.7694322952720748,517378,30,"TGFB3, IL1RN, TGFB1, IL1R1, IL1B"
REACTOME_PYRIMIDINE_CATABOLISM,0.8148496055975327,1,-0.3826588210448796,-0.7152803064090479,456283,6,"NT5M, TYMP, DPYD, NT5C"
REACTOME_TRANSPORT_OF_MATURE_MRNA_DERIVED_FROM_AN_INTRONLESS_TRANSCRIPT,0.81703410849719,1,0.26303526448362724,0.786951968172915,296142,31,"NUPL2, NCBP2, NUP88, RAE1, RANBP2, NXF1, TPR, NCBP1, SEH1L, NUP54"
BIOCARTA_TCYTOTOXIC_PATHWAY,0.8189555774125933,1,-0.4169583922881164,-0.7081786627252739,444628,4,"CD8A, ITGB2"
BIOCARTA_RAS_PATHWAY,0.8194309603694735,1,-0.2961477355691454,-0.7515217250572392,507262,22,"MAPK3, BAD, AKT1, CDC42, RHOA, FOXO4, PLD1, MAP2K1"
BIOCARTA_HIVNEF_PATHWAY,0.8217825283055005,1,-0.2616662991864651,-0.7933553084389587,557788,56,"TNFRSF1B, TRAF1, GSN, LMNB1, LMNA, ARHGDIB, CASP7, FAS, ACTG1, LMNB2, BID, RB1, CASP6, BIRC3"
REACTOME_RNA_POL_III_TRANSCRIPTION_TERMINATION,0.8218002221607835,1,-0.3024113798391313,-0.7435133308695654,502340,19,LZTS1
REACTOME_SYNTHESIS_SECRETION_AND_DEACYLATION_OF_GHRELIN,0.8219008697474589,1,-0.3564841855679644,-0.7149613775419049,470603,8,"BCHE, PCSK1"
PID_INSULIN_GLUCOSE_PATHWAY,0.8223529468585035,1,-0.2932228653425899,-0.7511021810772633,510806,23,"SLC2A4, TRIP10, SFN, GYS1, AKT1, YWHAH, YWHAQ, YWHAE, YWHAZ, AKT2"
ST_INTERFERON_GAMMA_PATHWAY,0.8229278004820287,1,-0.35596589679878554,-0.7139219023915943,471191,8,"REG1A, PTPRU, CISH"
KEGG_GLYCOSYLPHOSPHATIDYLINOSITOL_GPI_ANCHOR_BIOSYNTHESIS,0.8252100441072828,1,0.27312220215534566,0.7625921954004551,312629,23,"GPLD1, PIGA, PIGL, PIGH, PIGQ, PIGG, PIGV"
BIOCARTA_PTEN_PATHWAY,0.8255774428497411,1,-0.30687180116674195,-0.7360398769031603,500327,17,"MAPK3, PDK2, AKT1, ILK, ITGB1, CDKN1B"
BIOCARTA_CACAM_PATHWAY,0.8286448961082192,1,0.30871310079618197,0.7153599357964942,343527,11,"CAMK1, CAMKK2, CREB1, CAMK4"
REACTOME_MAPK_TARGETS_NUCLEAR_EVENTS_MEDIATED_BY_MAP_KINASES,0.8287439209372112,1,0.26162798446594415,0.7769391407202266,302135,30,"MEF2C, RPS6KA2, FOS, JUN, MAPK8, CREB1, ATF2, DUSP3, MAPKAPK2, MEF2A, DUSP6"
BIOCARTA_BLYMPHOCYTE_PATHWAY,0.8310699290574779,1,-0.3882533868823974,-0.6950094717810673,459215,5,"HLA-DRB1, ITGB2"
PID_PS1_PATHWAY,0.8317269870702086,1,-0.2659357025989219,-0.7761484748857272,550826,45,"DTX1, NKD1, SSPO, FZD1, APH1B, MAPK3, DKK1, KREMEN2, TLE1, DKK2, AES, ADAM10, PPP2R5D, HDAC1, NOTCH1"
PID_VEGF_VEGFR_PATHWAY,0.8317527681721332,1,-0.3515934332033968,-0.7051525299426307,476244,8,"VEGFB, PGF, FLT4, NRP1"
BIOCARTA_THELPER_PATHWAY,0.8323460828627317,1,-0.4084014951634045,-0.6936452894320727,451898,4,"CD4, ITGB2"
KEGG_CARDIAC_MUSCLE_CONTRACTION,0.8337530666177388,1,-0.260087259219368,-0.7837524805865785,563471,54,"ATP1B2, CACNA2D3, CACNG8, CACNA1C, CACNG4, SLC9A6, UQCR10, COX6A2, ATP1B1, UQCRHL, COX8A, TPM4, CACNB3, TPM1, ATP1B3, CACNA2D1, COX7A2, CACNB4, COX7B, UQCRC1, COX6B1, UQCRQ"
REACTOME_IRAK2_MEDIATED_ACTIVATION_OF_TAK1_COMPLEX_UPON_TLR7_8_OR_9_STIMULATION,0.834363169008922,1,0.31817676157624625,0.6984052150510001,352837,9,"RPS27AP11, TAB1, MAP3K7, RPS27A, TAB2, TRAF6"
REACTOME_BRANCHED_CHAIN_AMINO_ACID_CATABOLISM,0.8346997725703611,1,0.28409975520741165,0.736551311038128,328844,17,"BCAT1, MCCC1, ACADSB, AUH, DLD, ACAT1, IVD, ACAD8"
PID_PRL_SIGNALING_EVENTS_PATHWAY,0.8347283197537483,1,-0.2894284389485873,-0.7413826050232517,518493,23,"ITGA1, CCNA2, TUBA1B, CDK2, MAPK3, RHOC"
PID_FOXO_PATHWAY,0.8356264023287863,1,-0.26361117025472464,-0.7754373062311369,556034,47,"SGK1, MAPK10, PLK1, CDK2, CCNB1, SFN, BCL2L11, SKP2, MST1, AKT1, CDKN1B, FOXO4, FOXO1, YWHAH, YWHAQ, CAT, KAT2B, CTNNB1, YWHAE, XPO1, CSNK1G2, YWHAZ, RAN"
REACTOME_DESTABILIZATION_OF_MRNA_BY_AUF1_HNRNP_D0,0.8361989243932878,1,-0.2624662937806445,-0.77764877682038,558809,49,"HSPB1, PSMB9, PSMA2, HSPA1B, PSME1, PSMB8, HNRNPD, PSMB5, PSMB6, PSMB7, PSME2, EIF4G1, PSMB2, PSMD2, PSMB1, PSMB10, PSMC2, PSMC3"
REACTOME_ACTIVATION_OF_NMDA_RECEPTOR_UPON_GLUTAMATE_BINDING_AND_POSTSYNAPTIC_EVENTS,0.8364773518558578,1,-0.279516046451848,-0.7507891185802693,529756,29,"GRIN2D, CAMK2B, RRAS, GRIN2A, CALM3, PRKACB, RPS6KA6, ADCY1, RPS6KA1"
REACTOME_POST_NMDA_RECEPTOR_ACTIVATION_EVENTS,0.8364773518558578,1,-0.279516046451848,-0.7507891185802693,529756,29,"GRIN2D, CAMK2B, RRAS, GRIN2A, CALM3, PRKACB, RPS6KA6, ADCY1, RPS6KA1"
PID_KIT_PATHWAY,0.8365709255775816,1,0.24381433063382205,0.8031240097714116,277513,49,"BCL2, GRB10, STAT5A, SOCS1, SH2B2, SNAI2, SH2B3, JAK2, SOS1, SPRED1, PDPK1, MAPK8, FOXO3, PTPN11, GSK3B, CREBBP"
REACTOME_PHOSPHORYLATION_OF_THE_APC_C,0.83671213166258,1,-0.30301780761876207,-0.7267959746421659,507075,17,"PLK1, CCNB1, UBE2C, CDK1"
KEGG_NOTCH_SIGNALING_PATHWAY,0.836946504619262,1,-0.2661648975079404,-0.770459228604006,551258,43,"DTX1, DTX4, JAG2, MFNG, NOTCH3, MAML2, LFNG, DTX3"
REACTOME_ANTIGEN_PRESENTATION_FOLDING_ASSEMBLY_AND_PEPTIDE_LOADING_OF_CLASS_I_MHC,0.8384996342035126,1,-0.29223923426587367,-0.7342188162293438,516903,21,"HLA-G, HLA-F, CALR, B2M, HLA-B, SEC24D, HLA-C"
REACTOME_PHOSPHOLIPID_METABOLISM,0.8404325677004201,1,-0.23724022831459773,-0.8348386647199584,658251,169,"PLA2G4D, PLA2G4F, CERS3, PNPLA3, SLC44A5, PHOSPHO1, DEGS2, SGPP2, PIK3C2G, PIK3R5, PIK3R3, LPCAT2, PLBD1, GM2A, SMPD1, INPP4B, SLC44A2, STS, LPCAT3, LPCAT4, PRKD1, CHKB, PLD2, ARSJ, MGLL, SLC44A3, ARSB, ACHE, DEGS1, DGAT1, AGPAT4, ACER3, MBOAT7, ACER2"
REACTOME_SYNTHESIS_OF_PIPS_AT_THE_PLASMA_MEMBRANE,0.8411950735001986,1,-0.2809568737804855,-0.7437482729474808,529321,27,"PIK3C2G, PIK3R5, PIK3R3"
BIOCARTA_HCMV_PATHWAY,0.8412609739278042,1,-0.30436226463455807,-0.720055847210143,507488,16,"MAPK3, AKT1, MAP2K3, RB1, MAP2K1, MAPK1"
REACTOME_ACTIVATION_OF_THE_AP1_FAMILY_OF_TRANSCRIPTION_FACTORS,0.8433554965758134,1,-0.330898933605476,-0.700774392310101,490616,10,"MAPK10, MAPK3"
SIG_REGULATION_OF_THE_ACTIN_CYTOSKELETON_BY_RHO_GTPASES,0.8442892332141438,1,-0.2800324258757261,-0.7413010769656094,531268,27,"FLNA, PAK4, AKT1, CFL1, ACTG1, FSCN1, CFL2, CDC42, LIMK1, PFN1, ACTR2"
REACTOME_GABA_SYNTHESIS_RELEASE_REUPTAKE_AND_DEGRADATION,0.8446519975106497,1,0.30221126727020514,0.7002936778317145,350163,11,"SLC6A11, STX1A, GAD1, RAB3A, DNAJC5"
REACTOME_NEP_NS2_INTERACTS_WITH_THE_CELLULAR_EXPORT_MACHINERY,0.8446659244255457,1,0.26295247088448226,0.755732312166421,314844,26,"NUPL2, NUP88, RAE1, RANBP2, TPR, SEH1L, NUP54, NUP133, NUP35, NUP155, POM121, NUP214, NUP43, NUP153, NUP93, NUP50, NUP210, NUP188, AAAS, RAN, XPO1, NUP37, NUP85, NUP107, NUP205, NUP62"
REACTOME_TRANSPORT_OF_RIBONUCLEOPROTEINS_INTO_THE_HOST_NUCLEUS,0.8446659244255457,1,0.26295247088448226,0.755732312166421,314844,26,"NUPL2, NUP88, RAE1, RANBP2, TPR, SEH1L, NUP54, KPNB1, KPNA1, NUP133, NUP35, NUP155, POM121, NUP214, NUP43, NUP153, NUP93, NUP50, NUP210, NUP188, AAAS, NUP37, NUP85, NUP107, NUP205, NUP62"
REACTOME_SYNTHESIS_SECRETION_AND_INACTIVATION_OF_GIP,0.8449180395500426,1,-0.3302053056609501,-0.6993054341118433,491525,10,"ISL1, PCSK1, GATA4"
PID_TCR_CALCIUM_PATHWAY,0.8471573071757279,1,-0.2936875778664012,-0.7220648553986971,517840,19,"AKAP5, BATF3, PTGS2, NFATC2"
PID_AR_PATHWAY,0.8490898777909555,1,-0.25573180591720385,-0.7753623083747486,576323,56,"CDKN2A, VAV3, GSN, TCF4, PIAS3, TMPRSS2, AR, CCND3, AKT1, PTK2B, HIP1, PIAS1, HNRNPA1, PRDX1, UBE2I, ZMIZ1, CTNNB1, CTDSP1, XRCC6, CCND1"
REACTOME_HYALURONAN_UPTAKE_AND_DEGRADATION,0.849369520416361,1,-0.3425343951212847,-0.6869838071532248,486331,8,"HYAL2, GUSB, HMMR, HEXB"
KEGG_LIMONENE_AND_PINENE_DEGRADATION,0.8495210259102399,1,0.311470255313797,0.6836842815508195,359247,9,"ALDH3A2, ALDH7A1, ALDH2, YOD1, EHHADH, ALDH9A1, ALDH1B1, HADHA, ECHS1"
BIOCARTA_PROTEASOME_PATHWAY,0.8502471195868097,1,-0.27814152606396375,-0.7362954921212473,535017,27,"PSMA2, UBA1, PSMB5, PSMB6, PSMB7, PSMB2, PSMB1, PSMC2, PSMC3, PSMA4, PSMA3, PSMA5, PSMD11, PSMA6, PSMC4, PSMA1, PSMD14, UBE2A, PSMD8, PSMA7, RPN1, PSMD12, PSMC6, PSMD6, PSMB4, RPN2, UBE3A"
BIOCARTA_MAL_PATHWAY,0.850336863605611,1,0.2739965388369851,0.7305285445217392,330553,19,"ACTA1, MAPK8"
BIOCARTA_CDMAC_PATHWAY,0.8525695551791609,1,0.2870384274899504,0.7082864024730938,343790,14,"FOS, MYC, JUN"
REACTOME_DAG_AND_IP3_SIGNALING,0.8526935530412574,1,-0.2787588149995866,-0.7322325045912181,534857,26,"ADCY2, ADCY5, CALM3, PRKACB, ADCY1, ADCY7, CALM2, ADCY6, PRKACA, ITPR3"
REACTOME_SYNTHESIS_SECRETION_AND_INACTIVATION_OF_GLP1,0.8527544468190831,1,0.298805419967318,0.6924015388144767,353522,11,"DPP4, SEC11C, CDX2"
REACTOME_PYRUVATE_METABOLISM_AND_CITRIC_ACID_TCA_CYCLE,0.8527781738238581,1,-0.2647205989405972,-0.7528829657770368,556250,39,"IDH2, ADHFE1, SLC16A3, OGDH, PDK2, LDHA, SUCLG2, D2HGDH, SDHA, SDHC, IDH3G, L2HGDH"
REACTOME_APOPTOTIC_EXECUTION_PHASE,0.8529995287676825,1,0.24124934164270806,0.7914603855650986,284192,48,"DSG3, HIST1H1B, HIST1H1D, SATB1, PKP1"
BIOCARTA_IL2RB_PATHWAY,0.8530261616556033,1,0.2523310894945352,0.7655975977851203,305843,33,"BCL2, STAT5A, FOS, MYC, SOCS1, SOS1, CFLAR"
REACTOME_NEUROTRANSMITTER_RELEASE_CYCLE,0.8543122206373386,1,-0.2847807664636679,-0.722676242871115,528855,22,"SLC17A7, SYN1"
REACTOME_GAMMA_CARBOXYLATION_TRANSPORT_AND_AMINO_TERMINAL_CLEAVAGE_OF_PROTEINS,0.8546900329515474,1,-0.3485865450087894,-0.676413914995294,483998,7,"F10, PROC, VKORC1, PROS1"
REACTOME_SCF_BETA_TRCP_MEDIATED_DEGRADATION_OF_EMI1,0.8553955788030886,1,-0.25827397087562254,-0.7625028091379122,570405,48,"PSMB9, FBXO5, CDC20, PSMA2, PSME1, PSMB8, PSMB5, PSMB6, PSMB7, PSME2, PSMB2, PSMD2, PSMB1, PSMB10, PSMC2, PSMC3, PSMA4, PSMD5, PSMA3, PSMD3, SKP1, PSMA5, PSMD10, PSMD4, UBA52, PSMD11, PSMA6, PSMC4, PSMA1, PSMD14, PSMC1, PSMD8, BTRC, PSMD13, PSMA7, PSMC5, PSMD1, PSMD7, PSMD12, PSME4, PSMC6, PSMD6, CUL1, RPS27A, PSMB4, PSMF1, PSMD9, RPS27AP11"
REACTOME_REGULATION_OF_GLUCOKINASE_BY_GLUCOKINASE_REGULATORY_PROTEIN,0.8555362380389919,1,0.26291936803675964,0.7416336695256065,322318,24,"NUPL2, NUP88, RAE1, RANBP2, TPR, SEH1L, NUP54, NUP133, NUP35, NUP155, POM121, NUP214, NUP43, NUP153, NUP93, NUP50, NUP210, NUP188, AAAS, NUP37, NUP85, NUP107, NUP205, NUP62"
REACTOME_EICOSANOID_LIGAND_BINDING_RECEPTORS,0.8568146458443001,1,0.3149352847503667,0.6693401147310415,366223,8,"TBXA2R, PTGER2, PTGER3"
BIOCARTA_DEATH_PATHWAY,0.8577041320296113,1,0.25225191494662313,0.7601374798704998,309119,32,"BCL2, TNFRSF10B, XIAP, CASP10, CFLAR, TNFRSF10A, CASP8, DFFA, CASP9, RIPK1, DFFB, BIRC2, CYCS, NFKB1, CHUK"
PID_IL2_1PATHWAY,0.8578939554581132,1,-0.25766069129568286,-0.7606922224926319,572071,48,"LCK, SYK, SOCS2, IL2RG, SOCS3, JAK3, CDK2, MAPK3, CISH"
REACTOME_CTNNB1_PHOSPHORYLATION_CASCADE,0.858456861269523,1,0.2817044451755238,0.7075189938111286,343362,15,"AXIN1, FRAT2, CSNK1A1, APC"
REACTOME_SEMA3A_PLEXIN_REPULSION_SIGNALING_BY_INHIBITING_INTEGRIN_ADHESION,0.8590142934196332,1,-0.3087067942842179,-0.6958244796748322,509635,13,"RRAS, FES, RND1, NRP1"
REACTOME_IL_6_SIGNALING,0.8591170127814624,1,0.30140509936658444,0.680477202936327,359335,10,"IL6, JAK2, JAK1"
BIOCARTA_CERAMIDE_PATHWAY,0.8596384387821262,1,0.26512713782907454,0.7322884518271714,327486,22,"BCL2, CASP8, MAPK8, NSMAF, RIPK1, CYCS, NFKB1"
REACTOME_ELEVATION_OF_CYTOSOLIC_CA2_LEVELS,0.8597112344379392,1,-0.420378279621455,-0.6689167590577222,456522,3,"ITPR3, ITPR2"
REACTOME_DOWNSTREAM_SIGNALING_EVENTS_OF_B_CELL_RECEPTOR_BCR,0.86105345187914,1,0.22605135735112022,0.828441826116621,243083,89,"RASGRP1, TRIB3, AKT3, PDPK1, THEM4, MAPKAP1, TSC2, CREB1, NFKBIB, FOXO3, CASP9, RPS27AP11, PSMD9, CHUK, IKBKB, PSMF1, PSMB4, MAP3K7, RPS27A, CUL1, PTEN, PSMD6, GSK3A"
REACTOME_P38MAPK_EVENTS,0.8619671421757368,1,0.28676563089696816,0.6941515029766218,350580,13,"MAPKAPK2, RALA, RALGDS, MAPKAPK3, RALB, MAPK11, MAPK14, HRAS, SRC, NRAS, MAPK13, KRAS, MAPK12"
REACTOME_RNA_POL_III_TRANSCRIPTION_INITIATION_FROM_TYPE_2_PROMOTER,0.8623479239414443,1,-0.2802699516299572,-0.7179227708375568,535649,23,LZTS1
REACTOME_SYNTHESIS_OF_VERY_LONG_CHAIN_FATTY_ACYL_COAS,0.8624073444912596,1,0.2831527717601521,0.6986982886369971,347757,14,"ELOVL4, ACSL6, ELOVL7, ACSL5"
REACTOME_PROTEOLYTIC_CLEAVAGE_OF_SNARE_COMPLEX_PROTEINS,0.8639220726555522,1,-0.3024705984090467,-0.6936878276757281,515554,14,"VAMP1, STX1B, STX10, STX2"
REACTOME_DOWNREGULATION_OF_TGF_BETA_RECEPTOR_SIGNALING,0.8657298442919151,1,-0.28076673558051146,-0.7124900045467013,535923,22,"TGFB1, SMAD7, PMEPA1"
REACTOME_REGULATION_OF_THE_FANCONI_ANEMIA_PATHWAY,0.8657986656886374,1,-0.3335150872378417,-0.6688947668819234,495738,8,ZBTB32
BIOCARTA_TALL1_PATHWAY,0.8673456096254879,1,0.2924528301886793,0.6776811132657445,359571,11,"MAPK8, NFKB1, CHUK, TRAF6, TRAF3, RELA, MAPK14, MAP3K14, TRAF2, TNFSF13, TRAF5"
REACTOME_ENOS_ACTIVATION_AND_REGULATION,0.8692971881007462,1,-0.28322258538251527,-0.7040843164149139,533591,20,"NOSTRIN, DHFR, CALM3, DHFRP1, GCHFR, CAV1, AKT1, SPR, CALM2, DNM2"
REACTOME_APC_CDC20_MEDIATED_DEGRADATION_OF_NEK2A,0.8707957282450492,1,-0.27892402272598954,-0.7078138291893107,539059,22,"MAD2L1, UBE2C, CDC20, NEK2, BUB1B, ANAPC11"
REACTOME_INITIAL_TRIGGERING_OF_COMPLEMENT,0.8708498656958591,1,0.3248582809050083,0.6393058638281518,383213,6,"CFB, C4A"
REACTOME_PLATELET_SENSITIZATION_BY_LDL,0.8713676510248112,1,-0.30315562271012,-0.6833121503589565,516964,13,"LRP8, PPP2R1A, PPP2R5D, PTPN6, PPP2R1B"
BIOCARTA_LONGEVITY_PATHWAY,0.8728282328039456,1,-0.3060325363347378,-0.6771540398359526,514629,12,"AKT1, SOD3, IGF1R, CAT"
REACTOME_BMAL1_CLOCK_NPAS2_ACTIVATES_CIRCADIAN_EXPRESSION,0.8734673955486139,1,0.2470528720852322,0.7495829617081913,313172,33,"F7, TBL1X, ARNTL, PER2, TGS1, MED1, RORA, TBL1XR1, NCOA6, CREBBP, NAMPT, EP300"
PID_IL5_PATHWAY,0.8739380460529808,1,0.28931611804094054,0.6704126228944858,362304,11,"STAT5A, JAK2, PTPN11"
REACTOME_SIGNALING_BY_ROBO_RECEPTOR,0.8748414779499404,1,-0.27007454341109405,-0.7149405975595402,550493,27,"ROBO2, GPC1, EVL, SRGAP3"
PID_ERBB2_ERBB3_PATHWAY,0.8753203625804331,1,-0.2567459239780114,-0.740010495622591,575144,42,"MAPK10, PIK3R3, NRG2, NFATC4, MAPK3, BAD, ERBB2, AKT1, PIK3R2, CDC42, STAT3, PRKACA, PIK3CB, MAP2K1, KRAS, PPP3CB"
PID_ALK2_PATHWAY,0.8762012191529693,1,-0.3206649058393021,-0.6617536018591459,505674,9,AMH
PID_HIF2PATHWAY,0.8778278050645939,1,-0.26572839612905347,-0.7185846539154714,557798,30,"SERPINE1, EGLN3, BHLHE40, EPAS1, ABCG2, CITED2, EFNA1, TWIST1, MMP14, SLC2A1"
REACTOME_SOS_MEDIATED_SIGNALLING,0.8779960371093217,1,0.2767164425168319,0.6828162183346046,354043,14,"IRS2, SOS1"
REACTOME_G_PROTEIN_BETA_GAMMA_SIGNALLING,0.8791898297221407,1,-0.27747645772643026,-0.6971289698154046,541987,21,"GNB3, PIK3R5, PLCB1"
REACTOME_PURINE_SALVAGE,0.8800041383146883,1,-0.30254926840256335,-0.6694466601555025,518860,12,"ADA, PNP, GMPR"
REACTOME_TGF_BETA_RECEPTOR_SIGNALING_ACTIVATES_SMADS,0.8813346749617268,1,-0.2706884434058208,-0.7051860630399795,550931,25,"TGFB1, SMAD7, PMEPA1"
REACTOME_ENDOGENOUS_STEROLS,0.8813560230087453,1,-0.3428920789087133,-0.6409468115679332,493524,6,"CYP7B1, CYP27A1, CYP39A1"
REACTOME_REGULATION_OF_IFNA_SIGNALING,0.8817500743033421,1,-0.3063659451108839,-0.6637958059827743,516209,11,"SOCS3, IFNAR2, TYK2"
BIOCARTA_RANKL_PATHWAY,0.8817612260266073,1,-0.3016512555759459,-0.6674596393614017,519896,12,"TNFRSF11A, IFNAR2"
REACTOME_POST_TRANSLATIONAL_MODIFICATION_SYNTHESIS_OF_GPI_ANCHORED_PROTEINS,0.8817633988203695,1,-0.2705231803785806,-0.7047555268040055,551199,25,"SEMA6D, PLAUR"
REACTOME_NOREPINEPHRINE_NEUROTRANSMITTER_RELEASE_CYCLE,0.882817163058949,1,-0.3317848996065045,-0.6438112029639513,499926,7,"MAOA, SYT1, STXBP1"
REACTOME_FORMATION_OF_INCISION_COMPLEX_IN_GG_NER,0.8833026106862666,1,0.2591458644499106,0.7077491246640482,338780,21,"GTF2H3, XPC, GTF2H1, ERCC5, CDK7, ERCC3, MNAT1, XPA, ERCC4"
REACTOME_VITAMIN_B5_PANTOTHENATE_METABOLISM,0.8835299382684417,1,-0.30537690760890446,-0.661652881952703,517251,11,"FASN, PANK1, PANK4"
SIG_PIP3_SIGNALING_IN_CARDIAC_MYOCTES,0.8836228071450373,1,-0.24497429000774934,-0.7569163733658655,607958,63,"CDKN2A, F2RL2, IFI27"
REACTOME_PRESYNAPTIC_NICOTINIC_ACETYLCHOLINE_RECEPTORS,0.8841453883947655,1,-0.40137613715247794,-0.6386800599424701,469497,3,CHRNB4
KEGG_GLYCOSAMINOGLYCAN_BIOSYNTHESIS_HEPARAN_SULFATE,0.8843892912124036,1,-0.27378966183243947,-0.6947845762444194,547474,22,"B3GAT2, HS3ST3A1, HS6ST1, GLCE, NDST1"
REACTOME_SIGNALING_BY_FGFR_MUTANTS,0.8847619911256758,1,-0.26133110330621095,-0.7157992473356312,565891,32,"FGFR3, FGF18, FGFR4, FGF9, MYO18A, TRIM24"
REACTOME_INNATE_IMMUNE_SYSTEM,0.8849924961848757,1,-0.22962375081359973,-0.8136906720683151,699967,181,"TMEM189-UBE2V1, PSTPIP1, UBA7, PYCARD, CD4, MAPK10, NOD2, DNM1, TLR1, HERC5, DUSP4, RIPK3, TNFAIP3, MAPK3, RPS6KA5, AGER, C3, CFH, ISG15, CFHR3, NLRP1, NLRX1, CDK1, C2"
ST_WNT_BETA_CATENIN_PATHWAY,0.8855811811189664,1,0.24466984817182724,0.7372896329805259,319166,32,"DKK4, WIF1, SFRP1, AKT3, AXIN1, ANKRD6, CSNK1A1, APC, GSK3B, CBY1"
SA_PROGRAMMED_CELL_DEATH,0.8862862155510612,1,0.27953940643153347,0.6626998884996196,363722,12,"BCL2, CASP9"
REACTOME_P53_INDEPENDENT_G1_S_DNA_DAMAGE_CHECKPOINT,0.8868098062701097,1,-0.25042667387899864,-0.7366538573214111,590092,47,"PSMB9, CHEK1, PSMA2, CDC25A, CHEK2, PSME1, PSMB8, PSMB5, PSMB6, PSMB7, PSME2, PSMB2, PSMD2, PSMB1, PSMB10, PSMC2, PSMC3"
REACTOME_RNA_POL_III_TRANSCRIPTION_INITIATION_FROM_TYPE_3_PROMOTER,0.8878099407419925,1,-0.266815712359131,-0.7008608403121037,556884,26,LZTS1
REACTOME_FACTORS_INVOLVED_IN_MEGAKARYOCYTE_DEVELOPMENT_AND_PLATELET_PRODUCTION,0.8878940195489383,1,0.2203279940295262,0.8196579264257188,242355,98,"HIST2H3D, GATA5, HBE1, ZFPM2, DOCK3, GATA6, IRF7, KIF9, SH2B2, SH2B3, TP53, JAK2, MAFF, JMJD1C"
KEGG_VALINE_LEUCINE_AND_ISOLEUCINE_DEGRADATION,0.8882659821759837,1,-0.2517579382864075,-0.7317598857766947,586561,44,"OXCT2, IL4I1, ACADS, HMGCS1, ACAA2, ABAT, ACAT2, BCAT2, HIBCH, HIBADH, HADH, BCKDHA, PCCA"
PID_RANBP2_PATHWAY,0.8889771419005941,1,-0.30247628679750393,-0.6553681758354576,520440,11,"PIAS1, RANGAP1, HDAC1, UBE2I, XPO1, RAN"
REACTOME_INFLUENZA_LIFE_CYCLE,0.8891562725469949,1,0.21449031463411733,0.8463119679544395,205804,148,"RPS17, RPL17P36, RPSAP9, RPL21P16, RPL3L, RPL21P75, DNAJC3, RPS12, NUPL2, NUP88, RPL26, RAE1, RPS18, CANX, RPL10P9, RPL21, RANBP2, RPL4, TPR, RPS27AP11, RPS23, RPSAP12, RPL26L1, RPL12, RPLP1, RPLP0, POLR2D, RPL14, RPL10, RPS24, RPL23AP2, RPL37A, POLR2G, RPS3A, RPS6, RPL5P1, RPS27, SEH1L, NUP54, RPL19, RPS7, RPL5, RPL36A, RPS8, RPS27A, KPNB1, RPL3, RPL37, RPL7, IPO5, RPL13A, POLR2B, RPS15A, 
RPL6, RPL11, RPL30, RPS4X, RPL22, RPL13, RPS19, KPNA1, RPS13, RPL10A, RPS16, RPL23AP42, RPL36, FAU, RPL17, RPS14, POLR2A, RPL24, RPS5, RPL10P16, RPL27A, RPL32, POLR2C, NUP133"
PID_IL2_PI3K_PATHWAY,0.8920979199769112,1,-0.25979773761793173,-0.7071582915838783,568748,31,"LCK, IL2RG, JAK3, E2F1, SMPD1"
PID_IFNG_PATHWAY,0.8922026291762429,1,0.23817237787172316,0.7448827747698767,311723,38,"DAPK1, CEBPB, SOCS1, IFNGR1, JAK2, JAK1, PTPN11, PTPN2, CREBBP, CASP1, EP300"
REACTOME_PROSTACYCLIN_SIGNALLING_THROUGH_PROSTACYCLIN_RECEPTOR,0.8928063886389229,1,0.27326765108903495,0.6614779816012819,363123,13,"GNB4, GNG4, GNG11"
PID_TCR_RAS_PATHWAY,0.8945238563665597,1,-0.29501390309909803,-0.65277325961452215,527421,12,"MAP3K8, MAPK3"
REACTOME_ACETYLCHOLINE_BINDING_AND_DOWNSTREAM_EVENTS,0.8959334732879687,1,-0.34557178844544334,-0.6186054629902197,495056,5,"CHRNB4, CHRNA7, CHRNA5, CHRFAM7A"
REACTOME_HIGHLY_CALCIUM_PERMEABLE_POSTSYNAPTIC_NICOTINIC_ACETYLCHOLINE_RECEPTORS,0.8959334732879687,1,-0.34557178844544334,-0.6186054629902197,495056,5,"CHRNB4, CHRNA7, CHRNA5, CHRFAM7A"
BIOCARTA_MCALPAIN_PATHWAY,0.8969247693617406,1,-0.2688706285919894,-0.6823017512808167,555234,22,"ITGA1, CAPN1, MAPK3, EGF, PRKACB, EGFR, CAPNS1, ITGB1, PXN"
REACTOME_G_BETA_GAMMA_SIGNALLING_THROUGH_PLC_BETA,0.896979292529478,1,-0.2839157034617683,-0.6616951025364755,538209,15,"GNB3, PLCB1"
KEGG_STEROID_HORMONE_BIOSYNTHESIS,0.8998728645212555,1,-0.2610467698425631,-0.6910422998962418,566244,27,"UGT2B15, UGT1A10, AKR1C2, CYP7B1, STS, UGT1A6, UGT1A1, SULT2B1, HSD17B2"
REACTOME_FATTY_ACYL_COA_BIOSYNTHESIS,0.8999808591597172,1,-0.2772062239467182,-0.6648862299330915,545418,17,"ELOVL2, FASN, TECR, ELOVL6, SLC25A1, ELOVL3"
REACTOME_INHIBITION_OF_THE_PROTEOLYTIC_ACTIVITY_OF_APC_C_REQUIRED_FOR_THE_ONSET_OF_ANAPHASE_BY_MITOTIC_SPINDLE_CHECKPOINT_COMPONENTS,0.9007539669502941,1,-0.27476627534228515,-0.6674943391280393,548360,18,"MAD2L1, UBE2C, CDC20, BUB1B, ANAPC11"
REACTOME_CA_DEPENDENT_EVENTS,0.9009188825797384,1,-0.26444578533339624,-0.6832666911803198,561503,24,"ADCY2, ADCY5, CALM3, PRKACB, ADCY1, ADCY7, CALM2, ADCY6, PRKACA"
KEGG_RENAL_CELL_CARCINOMA,0.9034518843655073,1,-0.239856281163464,-0.7411028580245277,621601,63,"TGFB3, PDGFB, PIK3R5, PIK3R3, EGLN3, EPAS1, TGFB1, VEGFB, MAPK3, PGF"
REACTOME_OXYGEN_DEPENDENT_PROLINE_HYDROXYLATION_OF_HYPOXIA_INDUCIBLE_FACTOR_ALPHA,0.9048489646264739,1,-0.27992535617940817,-0.6523951827998661,542931,15,"EGLN3, EPAS1"
PID_MYC_REPRESS_PATHWAY,0.906837586727176,1,-0.2405648788146419,-0.7314559305062578,616654,57,"CEBPA, IRF8, PDGFRB"
REACTOME_SIGNALING_BY_SCF_KIT,0.90793712811785,1,0.22138766685264266,0.7814023123839933,274206,71,"TRIB3, FYN, GRB10, STAT5A, AKT3, SOCS1, SH2B2, SH2B3, JAK2, SOS1, PDPK1, THEM4, MAPKAP1, TSC2, CREB1"
BIOCARTA_CHEMICAL_PATHWAY,0.9085073486659766,1,0.24961318573797492,0.6817145783347157,348447,21,"BCL2, TP53, CASP9, ATM, CYCS, EIF2S1"
REACTOME_VIRAL_MESSENGER_RNA_SYNTHESIS,0.9095265943987626,1,-0.2801786500597597,-0.6425633438203944,542769,14,"POLR2L, POLR2H, POLR2E, POLR2K, GTF2F1, POLR2F, POLR2J, POLR2I, GTF2F2, POLR2C, POLR2A, POLR2B, POLR2G, POLR2D"
BIOCARTA_CARM_ER_PATHWAY,0.9095895804045142,1,-0.2502029222093058,-0.6972243171860839,586838,35,NR0B1
ST_INTERLEUKIN_4_PATHWAY,0.910411716148959,1,-0.262969738755062,-0.6673273098889291,563583,22,"IL2RG, JAK3, CISH, PI3, IL4R, TYK2, AKT1, PPP1R13B, IL13RA1, STAT6"
REACTOME_G_BETA_GAMMA_SIGNALLING_THROUGH_PI3KGAMMA,0.9118812336729529,1,0.25292582165068644,0.6652198982149811,356747,18,"GNB4, AKT3, GNG4, PDPK1, GNG11"
KEGG_PROSTATE_CANCER,0.9119737499752918,1,-0.23351118153242423,-0.7483019752883946,645919,80,"PDGFRB, TCF7, PDGFB, PIK3R5, PIK3R3, E2F2, E2F1, CCNE2, CDK2, MAPK3, TCF7L1, AR, EGF, CREB3L1, EGFR, BAD, ERBB2, AKT1, FGFR1, PIK3R2, CREB3L4, CDKN1B, CCNE1, RB1, E2F3, IGF1R, FOXO1, PIK3CB, NFKBIA, HSP90B1, CREB3L2, ARAF, MAP2K1, CTNNB1, KRAS"
REACTOME_LYSOSOME_VESICLE_BIOGENESIS,0.9124245003981952,1,-0.26208248979950616,-0.6650757753149668,564829,22,"AP1S1, ARRB1, DNAJC6, BLOC1S1, VAMP8, DNM2, AP1M1, AP1M2, CLTC, AP1S2, AP1G1, ARF1, CTSZ, GNS, AP1B1"
KEGG_ADHERENS_JUNCTION,0.9132360739274952,1,0.2215126937922235,0.7695528628145861,282441,65,"CTNNA3, WASF3, FYN, PTPRM, SNAI2"
REACTOME_PYRUVATE_METABOLISM,0.9133787515737318,1,0.25417586212741206,0.6589712277207472,359841,17,"SLC16A1, PDK1, PDHA1"
REACTOME_MRNA_DECAY_BY_5_TO_3_EXORIBONUCLEASE,0.9137152777777777,1,-0.28129324443326204,-0.6340343946677637,542088,13,"LSM6, LSM2, LSM4, DCP2, LSM5, LSM3, DCP1B, EDC4, DDX6, PATL1, LSM1, XRN1, EDC3"
REACTOME_PURINE_METABOLISM,0.9147381855779778,1,-0.2521653681662424,-0.6819074154393504,581252,30,"GDA, ADA, PNP, XDH, GMPR, ADSSL1, NT5C, GPX1, DCK, NT5E, CAT"
BIOCARTA_ACH_PATHWAY,0.9161397107806463,1,-0.28656487722794793,-0.6208933031934518,536342,11,"BAD, CHRNB1, AKT1, PTK2B, YWHAH"
REACTOME_ADP_SIGNALLING_THROUGH_P2RY12,0.9187983834006916,1,-0.272559567270255,-0.6352284449686124,551301,15,"GNB3, GNAI1, GNAI2, GNB5, GNB2, GNG7"
BIOCARTA_PS1_PATHWAY,0.919160999404999,1,0.2596114345961607,0.6284214288552219,373842,13,"AXIN1, ADAM17, APC, GSK3B, PSEN1, DVL1"
REACTOME_DEADENYLATION_DEPENDENT_MRNA_DECAY,0.9195575534763241,1,0.22843365017613176,0.7258617673628296,316656,41,"EXOSC5, EXOSC8, PARN, PABPC1, CNOT10, EXOSC1, EXOSC2, DIS3, CNOT2, EXOSC3, EDC3, PAIP1"
PID_P38_MK2_PATHWAY,0.9209529683330907,1,-0.26283174792835745,-0.6462022310947318,562949,19,"HSPB1, SFN, CDC25B, YWHAH, YWHAQ, YWHAE, YWHAZ"
KEGG_GLYCEROLIPID_METABOLISM,0.9213059305919373,1,0.23172290034003576,0.7075405591666097,328498,34,"LPL, GLYCTK, DGKG, DGKE, GK, DGKQ, DGKH, LCLAT1, DGAT2, ALDH3A2"
PID_DNA_PK_PATHWAY,0.9222380286866495,1,0.2531567093050585,0.6358195027148043,368873,15,"APLF, LIG4, APTX, CSNK2A2, CSNK2A1, DCLRE1C, POLL, POLM, CSNK2B"
REACTOME_NEF_MEDIATED_DOWNREGULATION_OF_MHC_CLASS_I_COMPLEX_CELL_SURFACE_EXPRESSION,0.9222854038889958,1,-0.2867168683259789,-0.6072060643318677,536533,10,"AP1S1, B2M, AP1M1, PACS1, AP1M2, AP1S2, AP1G1, AP1B1"
REACTOME_SIGNALING_BY_HIPPO,0.9226116183561119,1,0.24467286543663386,0.6604788249782304,356295,20,"AMOTL2, TJP1, STK4, SAV1, LATS1, MOB1B, YWHAB"
KEGG_GNRH_SIGNALING_PATHWAY,0.9241415115959948,1,-0.2304429004617062,-0.7370477315708934,653258,79,"ADCY2, MAPK10, CAMK2B, CALML3, PLCB1, CACNA1C, ADCY5, JMJD7-PLA2G4B, MMP2, MAPK3, CALM3, PRKACB, PLD2, EGFR, CALML5, PLCB3, ADCY1, PTK2B, MAP2K3, CDC42, MMP14, ADCY7, CALM2, MAPK12, ADCY6"
BIOCARTA_PLCE_PATHWAY,0.92541564674496,1,-0.28454130319657167,-0.6025986746528513,538354,10,"ADRB2, PRKACB, ADCY1"
PID_CASPASE_PATHWAY,0.9258754566001038,1,0.22334443449120545,0.7327202264370254,308472,48,"ACTA1, PRF1, BCL2, SATB1, XIAP, CASP10, CASP8, DFFA"
REACTOME_BIOSYNTHESIS_OF_THE_N_GLYCAN_PRECURSOR_DOLICHOL_LIPID_LINKED_OLIGOSACCHARIDE_LLO_AND_TRANSFER_TO_A_NASCENT_PROTEIN,0.9259367713247655,1,0.23440790640694553,0.6854382629829435,341503,28,"GFPT2, ALG5, ALG13, DPM1, PMM2, ALG10B, ALG1, ALG2, GMPPA, GNPNAT1, DPM2, PGM3, ALG11, ALG14, ALG3, DOLPP1"
PID_ARF6_PATHWAY,0.9263909656902761,1,-0.24805127725837536,-0.6662737334030232,586700,29,"ITGA2B, GNA15, ADRB2, EGF, ARRB1, EGFR, KIF13B, EFNA1"
BIOCARTA_EGF_PATHWAY,0.9276574384687756,1,0.23224189736790596,0.6896732417542409,338196,30,"STAT5A, FOS, SOS1, JUN, JAK1, MAPK8"
REACTOME_METABOLISM_OF_NON_CODING_RNA,0.9290237932281502,1,0.22264246091780127,0.7273914995432434,310842,47,"TGS1, SMN2, NUPL2, NCBP2, DDX20, NUP88, RAE1, RANBP2, PRMT5, TPR, NCBP1, PHAX, SEH1L, NUP54, GEMIN4, GEMIN5, NUP133, GEMIN2, CLNS1A, SNUPN, SMN1, NUP35, NUP155, POM121, GEMIN7, NUP214, NUP43, NUP153, NUP93, NUP50, SNRPD3, WDR77, SNRPD1, NUP210, NUP188, AAAS, NUP37, SNRPE, SNRPF, NUP85, NUP107, GEMIN6, NUP205, NUP62, SNRPB, SNRPD2, SNRPG"
REACTOME_PRE_NOTCH_TRANSCRIPTION_AND_TRANSLATION,0.9290663168794413,1,-0.25388899676130516,-0.6442834906450218,575131,22,"MAMLD1, E2F1, NOTCH3, MAML2"
REACTOME_MRNA_CAPPING,0.9296258621206873,1,0.23217062962866641,0.6843002165605309,340877,29,"GTF2H3, GTF2H1, NCBP2, CDK7, ERCC3, MNAT1, POLR2D, NCBP1, POLR2G, POLR2B, GTF2H2, POLR2A, POLR2C, CCNH, GTF2F2, RNMT, POLR2I, POLR2J"
REACTOME_SYNTHESIS_OF_PIPS_AT_THE_EARLY_ENDOSOME_MEMBRANE,0.9300556976452311,1,-0.2735427688673788,-0.6052643722948887,548371,12,"INPP4B, PI4K2B, PIK3R4, PI4K2A, FIG4, MTMR2"
KEGG_MATURITY_ONSET_DIABETES_OF_THE_YOUNG,0.9310238790202385,1,0.2501151563265853,0.6171757761763622,375426,14,"HNF4A, FOXA3, MNX1, PDX1, FOXA2, PAX6, MAFA"
BIOCARTA_RAC1_PATHWAY,0.9328960027533054,1,0.23843438620786822,0.6511843377730064,357801,21,"NCF2, MYLK, CHN1, MYL2, PPP1R12B, WASF1, RALBP1, CDK5, PIK3R1"
BIOCARTA_CARM1_PATHWAY,0.933146519164697,1,0.2539156503586913,0.601954033347448,382953,12,"CREB1, PRKAR2B, CREBBP, EP300, NCOA3, PRKAR1B, RARA, PRKAR2A"
BIOCARTA_CBL_PATHWAY,0.9344251654316938,1,-0.2739859109813604,-0.5936387562330787,547047,11,"EGF, EGFR, CSF1R"
REACTOME_INTEGRATION_OF_PROVIRUS,0.935070920879814,1,-0.28237450042415413,-0.5827339984079987,539649,9,"HMGA1, XRCC4, BANF1, XRCC6, PPIA"
REACTOME_TRANSCRIPTION_COUPLED_NER_TC_NER,0.9351369359955781,1,-0.23561475653301925,-0.6848380968697126,617512,44,"POLE2, POLD1, PCNA, LIG1, POLR2L, RFC2, RPA3, RFC5, POLE, RFC3, ERCC2, POLD2, ERCC1, RPA1"
PID_P53_DOWNSTREAM_PATHWAY,0.9355877445331815,1,-0.22244915179356786,-0.7571552688220586,703125,126,"TNFRSF10D, EDN2, BCL2L14, PYCARD, SERPINE1, TP73, ZNF385A, SESN1, COL18A1, E2F2, E2F1, NDRG1, PCNA, MMP2, CD82, DDB2, CCNB1, PMAIP1, BTG2, SFN, CCNG1, S100A2, DKK1, BDKRB2, EGFR, TNFRSF10C, POU4F2, PCBP4, RPS27L, FAS, PPM1J, CAV1"
BIOCARTA_PARKIN_PATHWAY,0.935621831023287,1,0.25501543481473177,0.590929975455184,387876,11,"GPR37, UBE2F, UBE2G2, SUMO1"
KEGG_OXIDATIVE_PHOSPHORYLATION,0.9360365134068342,1,-0.22494342668415931,-0.7372919044158931,676569,94,"TCIRG1, LHPP, ATP6V1C2, ATP6V0E2, NDUFA3, UQCR10, COX6A2, UQCRHL, COX8A, NDUFB6, NDUFA4, NDUFS5, NDUFA1, NDUFA2, SDHA, NDUFB3, SDHC, NDUFB1, ATP6V1F, PPA2, COX7A2, NDUFC2, COX7B, UQCRC1, COX6B1, NDUFA6, NDUFC1, UQCRQ, NDUFA7, ATP6V0E1, NDUFS8, COX7C, NDUFB4, NDUFS6, ATP6V0A1, NDUFAB1, UQCR11, NDUFB8, ATP6V0D1, UQCRH, COX17, ATP6V0C, NDUFB5, NDUFA11, CYC1, NDUFV2, SDHD, COX6A1, ATP6V1B1, NDUFA9"
KEGG_LYSOSOME,0.93712801178235,1,-0.22263822770840871,-0.7493250489229415,695467,115,"PSAPL1, TCIRG1, CTSH, NAGA, NPC2, CD68, AP1S1, GM2A, SMPD1, DNASE2B, GNPTAB, CLN3, CLTCL1, ABCA2, SLC17A5, CTSS, ARSB, LAPTM5, AP3B2, SGSH, CTSB, NAGLU, GUSB, AP4M1, FUCA1, CD63, SORT1, CTSF, ABCB9, CTSA, PPT1, CLTB, PPT2, HEXB, GALNS, MAN2B1, ATP6V0A1, AP1M1, GNPTG, AP1M2, CLTC, ATP6V0D1, LAPTM4B, CD164, LAPTM4A, AP1S2, ARSA, ATP6V0C"
PID_AP1_PATHWAY,0.9384372859131793,1,-0.23034605928923418,-0.6983943652020809,636968,56,"CDKN2A, MMP1, GJA1, MAF, TGFB1, CCL2, PLAU, NFATC2, CDK1, GATA2, BCL2L11, CYR61"
REACTOME_TIE2_SIGNALING,0.9386579648989505,1,-0.2672608939577452,-0.5913645529366303,553443,12,"GRB14, PIK3R2, GRB7, PIK3CB, KRAS"
KEGG_NON_HOMOLOGOUS_END_JOINING,0.9395970726012264,1,0.2522012578616353,0.5844088740205668,389524,11,"RAD50, LIG4, DCLRE1C, POLL, POLM"
REACTOME_ACTIVATION_OF_BH3_ONLY_PROTEINS,0.9412182054478423,1,-0.2562027553561246,-0.6061207761317889,567787,16,"BMF, E2F1, PMAIP1, BCL2L11, BAD, AKT1"
KEGG_NON_SMALL_CELL_LUNG_CANCER,0.9416353853386965,1,-0.2306402539456388,-0.6859026373643855,630890,50,"CDKN2A, PIK3R5, PIK3R3, E2F2, E2F1, MAPK3, EGF, EGFR, BAD, ERBB2, AKT1"
SIG_CHEMOTAXIS,0.9427665082932658,1,0.22175204268210674,0.6896857792388031,331372,37,"ITPR1, PITX2, AKT3, MYLK"
REACTOME_TRAF6_MEDIATED_NFKB_ACTIVATION,0.9435165412792799,1,-0.2511585870341145,-0.6101437844212331,574393,18,"AGER, HMGB1, SAA1, NFKB2, TRAF2, NFKBIA, DDX58, IFIH1, APP"
REACTOME_SIGNALLING_BY_NGF,0.9469001692723287,1,-0.21674390103460076,-0.7750369739563828,758538,198,"ARHGEF6, NGF, ADCY2, FGD2, NGFR, NGEF, SHC3, PLEKHG2, DNM1, MAG, FGD3, ADCY5, VAV3, TIAM1, DUSP4, APH1B, ECT2, MAPK3, RPS6KA5, CALM3, ITGB3BP, VAV1, CDK1, ITSN1, PRKACB, MAGED1, ARHGDIA, BCL2L11, AP2A1, PPP2R1A, BAD, AKT1, ARHGEF16, ADCY1, RPS6KA1, PIK3R2, RHOA, PHLPP1, ADCY7, CDKN1B, AP2S1, OBSCN, RAPGEF1, MYD88, FOXO4, CALM2, PPP2R5D, HDAC1, MAPK12, ADCY6, TIAM2, STAT3, FOXO1, DNM2"
KEGG_CIRCADIAN_RHYTHM_MAMMAL,0.9479756607335491,1,-0.25774431868230385,-0.5809551644371661,562414,13,"BHLHE40, PER1, BHLHE41, PER3, NPAS2"
KEGG_RIG_I_LIKE_RECEPTOR_SIGNALING_PATHWAY,0.9481964547761297,1,0.21560050224013838,0.7043848328851801,317257,47,"RNF125, CXCL10, IRF7, AZI2, CASP10, CASP8, MAPK8, SIKE1, NFKBIB, RIPK1, MAVS, NFKB1, IL12A, CHUK, IKBKB, TRIM25, MAP3K7, ATG12, TANK"
KEGG_SPLICEOSOME,0.9486758000639329,1,-0.21878963892100461,-0.7411319131173992,709285,121,"HSPA2, HSPA1A, SNRPA, CCDC12, HSPA1B, SRSF2, HSPA6, SNRPG, LSM6, SNRPD2, SNRPB, PPIL1, SRSF7, DHX15, SNRNP70, HSPA1L, LSM2, LSM4, PCBP1, HNRNPA3, HNRNPA1, NAA38, SF3A2, SRSF3, DDX23, RBMX, SNRPF, SRSF1, SRSF5, SNRPE, PRPF8, SF3B4, SNRPA1, THOC3, WBP11, PPIH, TXNL4A, HNRNPM, XAB2, SRSF4, LSM5, EFTUD2, PRPF31, SF3B3, HNRNPC, EIF4A3"
KEGG_N_GLYCAN_BIOSYNTHESIS,0.9486798682353508,1,-0.2288252200967888,-0.6704902636164506,629838,46,"MAN1A1, MGAT5B, FUT8, ALG10, DPM3, B4GALT2, MGAT3, MGAT4B, STT3B, MGAT5"
REACTOME_MITOCHONDRIAL_TRNA_AMINOACYLATION,0.9500259426029687,1,0.22876835941222357,0.6247856066255177,364371,21,"GARS, PARS2, CARS2, MARS2, YARS2"
REACTOME_TRANSPORT_OF_MATURE_TRANSCRIPT_TO_CYTOPLASM,0.9526282775819906,1,0.21310131769749696,0.704634607944872,314373,50,"UPF3B, NUPL2, NCBP2, NUP88, RAE1, RANBP2, NXF1, NFX1, TPR, NCBP1, SRSF6, CDC40, MAGOH, SEH1L, NUP54, CPSF2, NUP133, SRSF9, SRSF11, NUP35, NUP155, RNPS1, POM121, U2AF1, CPSF3, NUP214, CPSF1, NUP43, NUP153, NUP93, NUP50, SRRM1, DHX38, EIF4E, U2AF2, NUP210, NUP188, AAAS, SRSF4, NUP37, SRSF5, SRSF1, NUP85, SRSF3, NUP107, NUP205, NUP62, SRSF7, SLBP, SRSF2"
REACTOME_ASSOCIATION_OF_TRIC_CCT_WITH_TARGET_PROTEINS_DURING_BIOSYNTHESIS,0.9533205687620864,1,-0.23596074216204144,-0.6198122388300814,597976,26,"KIFC3, FKBP9"
REACTOME_APC_C_CDC20_MEDIATED_DEGRADATION_OF_CYCLIN_B,0.953321820729204,1,-0.24146515037153338,-0.600276369583134,585167,20,"CCNB1, UBE2C, CDK1, CDC20"
REACTOME_SIGNALING_BY_NOTCH3,0.9535101049503741,1,-0.2551562670137345,-0.5645808091752205,562200,12,"JAG2, APH1B, NOTCH3"
REACTOME_ER_PHAGOSOME_PATHWAY,0.9544268826343596,1,-0.2232836420084062,-0.6808088097390491,650167,58,"HLA-G, PSMB9, HLA-F, CALR, B2M, PSMA2, PSME1, HLA-B, HLA-C, PSMB8, PSMB5, TAP1, PSMB6, PSMB7, PSME2, PSMB2, PSMD2, PSMB1, PSMB10, PDIA3, PSMC2, PSMC3"
REACTOME_YAP1_AND_WWTR1_TAZ_STIMULATED_GENE_EXPRESSION,0.954523529549798,1,0.22574949827354768,0.6165408432644834,366096,21,"TBL1X, TGS1, MED1, TBL1XR1, NCOA6, CREBBP"
BIOCARTA_CHREBP2_PATHWAY,0.9552030960929446,1,-0.22913776908156352,-0.6419857753434913,618024,36,"PPP2R2B, FASN, PRKACB, PPP2R1A, PPP2R3B, PPP2R2C, PPP2R5D, YWHAH, YWHAQ, PRKACA, PPP2R1B, YWHAE"
PID_P38_ALPHA_BETA_PATHWAY,0.9556199292249267,1,0.22037044218578766,0.6389504136483236,354297,27,"FYN, PRKG1, RIPK1, YES1, TAB1"
BIOCARTA_CARDIACEGF_PATHWAY,0.9560987412855321,1,0.22970485530236012,0.5863714263807505,379335,16,"FOS, MYC, JUN, EDN1, AGT"
BIOCARTA_NUCLEARRS_PATHWAY,0.9565269826405886,1,0.24570758601596548,0.5393337294685498,404498,9,"PPARG, CYP1A2"
REACTOME_NUCLEOTIDE_EXCISION_REPAIR,0.9565477633425811,1,-0.22409069680012395,-0.663947563526323,639235,49,"POLE2, POLD1, PCNA, LIG1, DDB2, POLR2L, RFC2, RPA3, RFC5, POLE, RFC3, ERCC2, POLD2, ERCC1, RPA1"
REACTOME_PROCESSING_OF_CAPPED_INTRONLESS_PRE_MRNA,0.9570145361344493,1,0.22230614300100704,0.620707244977914,362563,23,"NCBP2, ZNF473, PCF11, NCBP1, PAPOLA, LSM10, CSTF3, CPSF2, CPSF7, PABPN1, CSTF2, CPSF3, CLP1, CPSF1, NUDT21, SNRPD3, LSM11, CSTF1, SNRPE, SNRPF, SNRPB, SLBP, SNRPG"
REACTOME_MEMBRANE_BINDING_AND_TARGETTING_OF_GAG_PROTEINS,0.9572158120986367,1,0.24112069041519024,0.5443741108847187,400366,10,"VPS37A, TSG101, RPS27AP11, RPS27A, VPS37B, VPS37C"
BIOCARTA_AHSP_PATHWAY,0.9579936428097384,1,-0.26623907438848016,-0.5339666192400525,548527,8,"ALAD, UROD, HMBS, UROS, CPOX, HBA1, ALAS1, FECH"
REACTOME_CLEAVAGE_OF_GROWING_TRANSCRIPT_IN_THE_TERMINATION_REGION_,0.9581482062272403,1,0.2129804662885948,0.6767583390398058,329945,41,"UPF3B, NCBP2, ZNF473, PCF11, NFX1, NCBP1, SRSF6, CDC40, PAPOLA, LSM10, MAGOH, CSTF3, CPSF2, CPSF7, SRSF9, SRSF11, PABPN1, RNPS1, CSTF2, U2AF1, CPSF3, CLP1, CPSF1, NUDT21, SNRPD3, SRRM1, DHX38, U2AF2, LSM11, CSTF1, SRSF4, SNRPE, SRSF5, SRSF1, SNRPF, SRSF3, SRSF7, SNRPB, SLBP, SNRPG, SRSF2"
REACTOME_PEROXISOMAL_LIPID_METABOLISM,0.9599178103257322,1,-0.23727145153399712,-0.5833592880801745,586767,19,"CRAT, SCP2, ABCD1, ACOX3, CROT, PHYH, ACOX1, HSD17B4, SLC25A17, SLC27A2, AMACR"
REACTOME_P53_DEPENDENT_G1_DNA_DAMAGE_RESPONSE,0.960581456649878,1,-0.22132374329692917,-0.660479876531629,645016,51,"PSMB9, CCNE2, CDK2, PSMA2, CDKN1B, PSME1, CCNE1, PSMB8, PSMB5, PSMB6, PSMB7, PSME2, PSMB2, PSMD2, PSMB1, PSMB10, PSMC2, PSMC3"
REACTOME_SIGNALING_BY_NODAL,0.9606812971952535,1,-0.24629936411533263,-0.5551582603718382,569952,13,"ACVR1C, NODAL"
REACTOME_DOWNREGULATION_OF_ERBB2_ERBB3_SIGNALING,0.9607056702161358,1,0.2327246273545301,0.5517167921608818,394263,12,"AKT3, RNF41, USP8, RPS27AP11"
REACTOME_PI_3K_CASCADE,0.9608442352998472,1,-0.22354042991310918,-0.6443033710862508,631339,42,"KL, FGFR3, FGF18, FGFR4, FGF9"
KEGG_VASOPRESSIN_REGULATED_WATER_REABSORPTION,0.9612551201555452,1,-0.22471858172161713,-0.6360319952497819,625406,38,"AQP3, PRKACB, ARHGDIB, ARHGDIA, CREB3L1, RAB11B, CREB3L4, RAB11A, ADCY6, PRKACA, RAB5B, PRKX, CREB3L2, DYNLL1"
REACTOME_SIGNALING_BY_PDGF,0.9612614575814118,1,-0.21519350071488724,-0.7168688630446384,705786,106,"PDGFRB, COL1A1, ADCY2, COL4A1, PDGFB, COL6A1, ADCY5, COL9A3, COL5A1, COL4A4, MAPK3, CALM3, THBS4, CDK1, PRKACB, BAD, THBS1, PLAT, AKT1, ADCY1, PIK3R2, COL3A1, GRB7, PHLPP1, ADCY7, CDKN1B, COL9A2, RAPGEF1, FOXO4, CALM2, ADCY6, STAT3, FOXO1, STAT6"
KEGG_ADIPOCYTOKINE_SIGNALING_PATHWAY,0.9617697454670285,1,-0.22011582278771907,-0.6633017036052635,649988,54,"TNFRSF1B, MAPK10, CPT1C, SOCS3"
REACTOME_MRNA_3_END_PROCESSING,0.9635048445633234,1,0.21285975187354367,0.6414328921516932,347250,32,"UPF3B, NCBP2, PCF11, NFX1, NCBP1, SRSF6, CDC40, PAPOLA, MAGOH, CSTF3, CPSF2, CPSF7"
REACTOME_ABORTIVE_ELONGATION_OF_HIV1_TRANSCRIPT_IN_THE_ABSENCE_OF_TAT,0.9636691508053086,1,0.22049108156304276,0.587872494951864,374609,19,"CTDP1, NCBP2, SUPT4H1, POLR2D, NCBP1, POLR2G, POLR2B, POLR2A, POLR2C, GTF2F2, POLR2I, POLR2J, SUPT5H"
REACTOME_INSULIN_SYNTHESIS_AND_PROCESSING,0.9639650690926451,1,-0.23762861889899162,-0.5621783525238687,581509,16,"CPE, PCSK1"
KEGG_T_CELL_RECEPTOR_SIGNALING_PATHWAY,0.9649744849106127,1,-0.21526096783851964,-0.6921446266967173,685293,82,"LCK, CD8A, CD4, PIK3R5, PIK3R3, VAV3, MAP3K8, NFATC4, LAT, MAPK3, PPP3CC, NFATC2, VAV1"
REACTOME_RNA_POL_III_TRANSCRIPTION,0.9658062363787723,1,-0.22340298006599743,-0.6155302304167813,619527,33,LZTS1
KEGG_BASAL_TRANSCRIPTION_FACTORS,0.9665085813188652,1,0.21193019347693645,0.629354932152052,352360,30,"TAF4B, GTF2H3, GTF2H1, TAF1, TAF12, TBP, GTF2A1, TAF13"
KEGG_ENDOMETRIAL_CANCER,0.9667101993298457,1,-0.21778686539692452,-0.6476778567642467,647690,50,"TCF7, APC2, PIK3R5, PIK3R3, MAPK3, TCF7L1, EGF, AXIN2, EGFR, BAD, ERBB2, AKT1, ILK, PIK3R2"
REACTOME_ACTIVATION_OF_NF_KAPPAB_IN_B_CELLS,0.9674257537657092,1,-0.2165934500855325,-0.660409905641247,659022,58,"PSMB9, MALT1, PSMA2, PSME1, PSMB8, PSMB5, NFKBIA, PSMB6, PSMB7, PSME2, PSMB2, PSMD2, PSMB1, PSMB10, PSMC2, PSMC3, PSMA4, PSMD5, PSMA3, PSMD3, SKP1, PSMA5, PSMD10, PSMD4, UBA52, PSMD11, PSMA6, PSMC4, PSMA1, PSMD14, PSMC1, PSMD8, BTRC, PSMD13, PSMA7, PSMC5, RELA, PSMD1, BCL10, PSMD7, PSMD12, PSME4, NFKBIE, CARD11, PSMC6, FBXW11, REL, PSMD6, CUL1, RPS27A, MAP3K7, PSMB4, PSMF1, IKBKB, CHUK, 
PSMD9, RPS27AP11"
PID_AURORA_A_PATHWAY,0.9674347018008249,1,-0.2234975559595774,-0.604383709982462,614737,30,"DLGAP5, BIRC5, AURKB, TACC3, AURKA, TPX2, CENPA, CDC25B, AKT1"
REACTOME_SYNTHESIS_OF_PIPS_AT_THE_GOLGI_MEMBRANE,0.9675705514150068,1,-0.2339031161137322,-0.5533646118732509,583684,16,PIK3C2G
REACTOME_SIGNALING_BY_NOTCH4,0.9687263306686993,1,0.22723340311153092,0.5265525571848165,401600,11,"DLL4, JAG1, PSEN2, PSENEN, PSEN1, NCSTN"
REACTOME_EGFR_DOWNREGULATION,0.9689919246795463,1,-0.22518738003880606,-0.5818320600598705,603930,24,"EGF, EGFR, AP2A1, SPRY2, CDC42, AP2S1"
REACTOME_AKT_PHOSPHORYLATES_TARGETS_IN_THE_CYTOSOL,0.9703672116766978,1,0.22302007377950447,0.5287103521952048,398228,12,"AKT3, TSC2, CASP9, CHUK, GSK3A"
ST_P38_MAPK_PATHWAY,0.970618893713609,1,-0.21843553419551553,-0.6151232795740761,629457,37,"MYEF2, HSPB1, IL1R1"
REACTOME_REGULATION_OF_INSULIN_SECRETION_BY_GLUCAGON_LIKE_PEPTIDE1,0.9709442493566272,1,-0.21976551235220007,-0.601948969494499,621013,32,"AKAP5, GNB3, ADCY5, PRKACB, RAPGEF3, GNB5, RAPGEF4, ADCY6, GNB2, GNG7, PRKACA"
ST_JNK_MAPK_PATHWAY,0.9710489306271758,1,-0.2178947545240837,-0.6167181833058122,631778,38,"MAPK10, MYEF2, IL1R1, DUSP4"
BIOCARTA_STRESS_PATHWAY,0.9717397410219998,1,0.21134117943231168,0.5837301543744281,370192,22,"JUN, MAPK8, RIPK1, NFKB1, CHUK, IKBKB, TANK, ATF1"
BIOCARTA_AKT_PATHWAY,0.9717986207319629,1,0.21355313660101927,0.5616658467928889,380188,18,"PDPK1, FOXO3, CASP9, NFKB1, CHUK, IKBKB, PIK3R1, PIK3CA, RELA, GHR, PPP2CA, HSP90AA1, NFKBIA, YWHAH, FOXO1, FOXO4, AKT1, BAD"
BIOCARTA_AKAPCENTROSOME_PATHWAY,0.9718731619526075,1,-0.23239905142227407,-0.5329853347167357,579975,14,"CDK1, PRKACB, RHOA, PPP1CA, NUP85"
PID_BARD1_PATHWAY,0.9727717203595794,1,-0.21961823852970133,-0.5855947895916161,613995,28,"PCNA, CDK2, FANCC, RAD51, FANCD2, BARD1, CCNE1, FANCA, FANCE, FANCG"
REACTOME_SLBP_DEPENDENT_PROCESSING_OF_REPLICATION_DEPENDENT_HISTONE_PRE_MRNAS,0.9733070246957058,1,0.22213836477987425,0.5147461703343247,403499,11,"NCBP2, ZNF473, NCBP1, LSM10, SNRPD3, LSM11, SNRPE, SNRPF, SNRPB, SLBP, SNRPG"
PID_RAC1_PATHWAY,0.9734967734801878,1,0.2014797552366231,0.6738637106142938,316953,53,"PIP5K1B, NCF2, STAT5A, CYFIP2, NOXO1, JUN"
REACTOME_NOTCH1_INTRACELLULAR_DOMAIN_REGULATES_TRANSCRIPTION,0.9744709205036761,1,-0.21365655132244493,-0.6210143547223191,643486,44,"MAMLD1, HEY2, HDAC9, HEYL, MAML2, TLE2, TLE1"
PID_CERAMIDE_PATHWAY,0.9755274613125612,1,0.20109868622448704,0.6541461118830988,327865,46,"BCL2, MYC, PDGFA, CASP8, MAPK8, NSMAF, PAWR, EIF2AK2, PRKRA, MAP4K4, RIPK1, CYCS, NFKB1, EIF2A"
REACTOME_DOWNSTREAM_SIGNALING_OF_ACTIVATED_FGFR,0.9775423357890962,1,-0.2081639047886213,-0.6670749559606901,692359,80,"KL, ADCY2, FGFR3, FGF18, ADCY5, FGFR4, FGF9, MAPK3, CALM3, CDK1, PRKACB, BAD, AKT1, FGFR1, ADCY1, FGF2, PHLPP1, ADCY7, CDKN1B, FOXO4, CALM2, ADCY6, FOXO1"
REACTOME_REGULATION_OF_APOPTOSIS,0.9789003504269286,1,0.197602609669338,0.6632308972507603,317335,54,"DAPK1, UNC5B"
PID_ATM_PATHWAY,0.9790350738227032,1,-0.21256299071424467,-0.5785873377716049,624174,31,"BLM, H2AFX, CDC25A, CDC25C, CHEK2, SMC1A, FANCD2, BID, XRCC4, TRIM28, UBE2N, KAT5, RAD9A"
REACTOME_SIGNALING_BY_NOTCH2,0.9790686907575721,1,0.21272195475197628,0.5042967554919069,401799,12,"DLL4, JAG1, PSEN2, PSENEN, PSEN1, NCSTN"
PID_PI3K_PLC_TRK_PATHWAY,0.9794999547907748,1,-0.21137221020105304,-0.5823824964659056,628311,33,"NGF, AGAP2, SFN, BAD, AKT1"
REACTOME_INTRINSIC_PATHWAY_FOR_APOPTOSIS,0.9797787538636733,1,0.20084475859771353,0.5872953885072807,361361,28,"BCL2, BBC3, TP53, XIAP, CASP8, MAPK8"
REACTOME_DNA_REPAIR,0.9815284351930192,1,-0.20454232434351455,-0.6788721178424012,718096,103,"POLE2, ZBTB32, POLD1, PCNA, UBE2T, FANCB, LIG1, DDB2, H2AFX, POLR2L, RFC2, RPA3, FANCC, BRIP1, RAD51, MGMT, RFC5, TDP1, POLE, RFC3, FANCD2, FEN1, ERCC2, POLD2, ERCC1, XRCC4, RPA1, FANCA, FANCE, RPA2, MPG"
BIOCARTA_ATRBRCA_PATHWAY,0.9819083770486462,1,-0.21279487869375457,-0.5290027859160139,602714,20,"TREX1, CHEK1, FANCC, RAD51, CHEK2, FANCD2, FANCE, FANCG"
BIOCARTA_VIP_PATHWAY,0.9821142460452581,1,0.1992905441108288,0.5564447428905355,372072,23,"EGR2, MYC, NFATC1"
REACTOME_SIGNALING_BY_FGFR,0.9822549420964619,1,-0.20442597326685658,-0.6680754243353223,707807,92,"KL, ADCY2, FGFR3, FGF18, ADCY5, FGFR4, FGF9, MAPK3, CALM3, CDK1, PRKACB, PPP2R1A, BAD, AKT1, FGFR1, SPRY2, ADCY1, FGF2, PHLPP1, ADCY7, CDKN1B, FOXO4, CALM2, ADCY6"
REACTOME_TRIGLYCERIDE_BIOSYNTHESIS,0.982843883850032,1,-0.2072257904439795,-0.5742533760872602,632404,34,"ELOVL2, FASN, TECR, ELOVL6, SLC25A1, LPCAT4, ELOVL3, DGAT1, AGPAT4, AGPAT1, ELOVL1, AGPAT2, AGPAT3"
REACTOME_SIGNALING_BY_FGFR1_MUTANTS,0.9833371833620604,1,-0.20961456835104664,-0.531930125015346,608727,22,"FGF9, MYO18A, TRIM24, FGFR1, FGF2"
REACTOME_APOPTOSIS,0.9835411862907958,1,0.1924917708812755,0.7495318769764783,238014,134,"DSG3, HIST1H1B, DAPK1, HIST1H1D, BCL2, UNC5B, SATB1, TNFRSF10B, PKP1, BBC3, TP53, XIAP, CASP10, CFLAR, DAPK2, TJP1, CASP8, DFFA"
PID_HIV_NEF_PATHWAY,0.9841011753476654,1,0.1947457444997553,0.5868480303543875,354673,32,"BCL2, CFLAR, CASP8, DFFA, MAPK8, CASP9, RIPK1, DFFB, CYCS, NFKB1, CHUK"
REACTOME_PI_METABOLISM,0.9842451662858401,1,-0.20429646524068745,-0.5913706070544837,648277,43,"PIK3C2G, PIK3R5, PIK3R3"
REACTOME_HOST_INTERACTIONS_OF_HIV_FACTORS,0.9848321731153202,1,-0.2021672776168112,-0.679684258632088,729996,114,"APOBEC3G, LCK, CD4, PSMB9, AP1S1, HMGA1, B2M, PSMA2, AP2A1, NUP62, PSME1, AP2S1, RBX1, RANGAP1, BANF1, NUP205, SLC25A5, NUP107, PSMB8, NUP85, PSMB5, AP1M1, PACS1, RANBP1, PSMB6, NUP37, PSMB7, XPO1, PSME2, AP1M2, PPIA, RAN, AP1S2, PSMB2, PSMD2, AAAS, PSMB1, NUP188, AP1G1, PSMB10, ARF1, NUP210, PSMC2, PSMC3, AP2M1, AP1B1, AP2B1, RAC1, PAK2, PPIAP22"
REACTOME_ACETYLCHOLINE_NEUROTRANSMITTER_RELEASE_CYCLE,0.9849590994643116,1,-0.25627182221216105,-0.4587502641464294,544248,5,"SYT1, STXBP1"
BIOCARTA_ECM_PATHWAY,0.9853063576928711,1,-0.20585337596783598,-0.5273017146562267,612025,23,"ITGA1, GSN, MAPK3, ITGB1, RHOA, PXN, DIAPH1, PFN1"
REACTOME_MRNA_SPLICING,0.9862686591645013,1,-0.2007523165015631,-0.6662931532757141,721564,103,"POLR2L, SNRPA, SRSF2, SNRPG, SMC1A, SNRPD2, FUS, SNRPB, SRSF7, SNRNP70, HNRNPA2B1, LSM2, PCBP1, HNRNPA3, HNRNPA1, PTBP1, SF3A2, HNRNPUL1, SRSF3, DDX23, HNRNPD, RBMX, SNRPF, SRSF1, SRSF5, SNRPE, PRPF8, SF3B4, SNRPA1, TXNL4A, POLR2H, POLR2E, HNRNPM, SRSF4, HNRNPR, EFTUD2, SF3B3, HNRNPC, CSTF1, SF3A1, POLR2K, HNRNPL, U2AF2, SNRPD1, DHX38"
PID_HDAC_CLASSIII_PATHWAY,0.9865384584529335,1,-0.20379573427614184,-0.5265609994879278,614866,24,"TUBA1B, HIST1H1E, ACSS1, PPARGC1A, FOXO4, ACSS2, FOXO1, HOXA10, KAT2B, BAX, XRCC6"
BIOCARTA_MET_PATHWAY,0.9874714997155783,1,-0.200671768652903,-0.559199051881978,637085,35,"MAP4K1, ITGA1, MAPK3, DOCK1, PTK2B, ITGB1, RAPGEF1, PXN, STAT3"
SIG_CD40PATHWAYMAP,0.9892292918364611,1,-0.19810898675679312,-0.5458390493717674,634552,33,"MAPK10, MAPK3, TONSL, MAPK8IP2, SYT1, MAPK12, DUSP1, TRAF5, NFKB2, TRAF2, NFKBIA"
PID_P53_REGULATION_PATHWAY,0.9892317551988568,1,-0.19734133857206623,-0.5983261849820088,671445,56,"CDKN2A, CCNA2, CDK2, CCNG1, PPP1R13L, CHEK1, SKP2, CHEK2, AKT1"
REACTOME_SIGNALING_BY_THE_B_CELL_RECEPTOR_BCR,0.9904766672571416,1,0.1870199593382163,0.7110080695126979,257204,113,"RASGRP1, TRIB3, FYN, AKT3, CBLB, SH3KBP1, SOS1, PDPK1, THEM4, MAPKAP1, PLCG2, TSC2, CREB1, NFKBIB, FOXO3, CASP9, NCK1"
PID_TGFBR_PATHWAY,0.9916028681938842,1,-0.1933265110949826,-0.5825742217770198,670150,54,"DAB2, TGFB3, TGFB1, SMAD7, DACT2"
REACTOME_SPHINGOLIPID_METABOLISM,0.9917529465820529,1,-0.19368253914311884,-0.5905527953377758,675594,58,"CERS3, DEGS2, SGPP2, GM2A, SMPD1, STS, PRKD1, ARSJ, ARSB, DEGS1, ACER3, ACER2"
KEGG_PEROXISOME,0.9918248010834042,1,0.18478775159353494,0.652220507348933,299541,71,"MPV17L, NOS2, EPHX2, IDH1, ACSL6, PEX11G"
REACTOME_METABOLISM_OF_MRNA,0.9919275237825926,1,0.1877802292634594,0.7757404048285508,185913,218,"RPS17, RPL17P36, GSPT2, RPSAP9, RPL21P16, RPL3L, EXOSC5, EXOSC8, RPL21P75, UPF3B, RPS12, PARN, PABPC1, SMG1, NCBP2, RPL26, RPS18, CNOT10, RPL10P9, RPL21, EXOSC1, UPF2, EXOSC2, RPL4, DIS3, RPS27AP11, RPS23, SMG5, RPSAP12, RPL26L1, MAPKAPK2, RPL12, CNOT2, EXOSC3, ETF1, RPLP1, SMG9, RPLP0, PSMD9, RPL14, EDC3, PAIP1, RPL10, YWHAB, NCBP1, RPS24, PPP2R2A, RPL23AP2, RPL37A, TNPO1, SMG7, RPS3A, RPS6, 
PSMF1, PSMB4, RPL5P1, MAGOH, XRN1, SMG8, RPS27, UPF3A, RPL19, RPS7, RPL5, RPL36A, RPS8, RPS27A, RPL3, RPL37, PSMD6, RPL7, RPL13A, RPS15A, RPL6, RPL11, RPL30, RPS4X, SMG6, RPL22, RPL13, RPS19, CNOT7, RPS13, RPL10A, RPS16, LSM1, RPL23AP42, RPL36, FAU, RPL17, RPS14"
REACTOME_SIGNALING_BY_FGFR_IN_DISEASE,0.9919943342004549,1,-0.1943930267032885,-0.6475767510340605,728351,106,"KL, ADCY2, FGFR3, FGF18, ADCY5, FGFR4, FGF9, MYO18A, MAPK3, CALM3, TRIM24, CDK1, PRKACB, PPP2R1A, BAD, AKT1, FGFR1, SPRY2, ADCY1, FGF2, PHLPP1, ADCY7, CDKN1B, FOXO4, CALM2, ADCY6, STAT3, FOXO1"
PID_MAPK_TRK_PATHWAY,0.9922909577731913,1,0.18111685554743745,0.5495265359622512,355775,33,"MEF2C, FOS, CREB1, SRF, MAPKAPK2, EGR1, BRAF"
BIOCARTA_RHO_PATHWAY,0.9923405013774277,1,-0.19144375950287332,-0.5243742410511739,634698,32,ARHGAP6
BIOCARTA_CD40_PATHWAY,0.9923682350934477,1,0.19004111415554786,0.4505276260292522,407257,12,"CD40, NFKB1, CHUK, IKBKB, TRAF6, TRAF3"
REACTOME_RNA_POL_I_TRANSCRIPTION,0.9923863564944918,1,-0.19144818727873397,-0.5672326397316835,663185,49,"H3F3AP6, HIST1H4C, HIST1H4J"
REACTOME_MAP_KINASE_ACTIVATION_IN_TLR_CASCADE,0.9924718782663725,1,-0.19109042697223474,-0.5641566855215946,661812,48,"MAPK10, NOD2, DUSP4, MAPK3, RPS6KA5, CDK1, PPP2R1A, IRAK2, NOD1, RPS6KA1, MAP2K3"
ST_ERK1_ERK2_MAPK_PATHWAY,0.9924898947675522,1,-0.19091220066073222,-0.5196548164722881,632752,31,"DUSP9, DUSP4, MAP3K8, MAPK3"
REACTOME_REGULATORY_RNA_PATHWAYS,0.9926272947443723,1,-0.19062303335431088,-0.47891932870354026,611917,21,"POLR2L, POLR2H, POLR2E, RAN, POLR2K, TARBP2, TNRC6B, DICER1, POLR2F, DROSHA, POLR2J, POLR2I, TNRC6A, POLR2C, POLR2A, POLR2B, POLR2G, POLR2D, TNRC6C, DGCR8, XPO5"
REACTOME_MICRORNA_MIRNA_BIOGENESIS,0.9930204671638359,1,-0.19058705090291322,-0.4629963318108283,604530,18,"POLR2L, POLR2H, POLR2E, RAN, POLR2K, TARBP2, DICER1, POLR2F, DROSHA, POLR2J, POLR2I, POLR2C, POLR2A, POLR2B, POLR2G, POLR2D, DGCR8, XPO5"
REACTOME_INTERACTIONS_OF_VPR_WITH_HOST_CELLULAR_PROTEINS,0.993284794777921,1,0.17909319899244336,0.5358131188613289,360026,31,"NUPL2, NUP88, RAE1, RANBP2, TPR, SEH1L, NUP54, PSIP1, KPNA1, NUP133, SLC25A4, SLC25A6, NUP35, NUP155, POM121, NUP214, NUP43, NUP153, NUP93, NUP50, NUP210, NUP188, AAAS, NUP37, NUP85, NUP107, SLC25A5, NUP205, BANF1, NUP62"
KEGG_PHOSPHATIDYLINOSITOL_SIGNALING_SYSTEM,0.9936854512394081,1,-0.190301023889265,-0.5964234345930723,691301,69,"PLCD3, PIK3C2G, PIK3R5, CALML3, PLCB1, PIK3R3, DGKI, CALM3, INPP4B, DGKA, PLCD4, IMPA2"
PID_LKB1_PATHWAY,0.9937308645575157,1,0.1790297625110679,0.5823589664192912,333983,46,"PRKAA2, MYC, TP53, TSC1, TSC2, CREB1, PSEN2, PRKAB1, GSK3B, SIK3, CRTC2, ETV4, YWHAB, STK11IP, PRKAA1"
REACTOME_SMAD2_SMAD3_SMAD4_HETEROTRIMER_REGULATES_TRANSCRIPTION,0.9938563897570726,1,0.1767580538091882,0.5080072921540953,370454,26,"MYC, E2F5, TGIF1, CDK8, CDKN2B, E2F4, RPS27AP11, SMAD2, CCNT1, MEN1"
REACTOME_RNA_POL_I_RNA_POL_III_AND_MITOCHONDRIAL_TRANSCRIPTION,0.9942617299685734,1,-0.1896557370020816,-0.6087931139319066,705202,81,"LZTS1, H3F3AP6, HIST1H4C, HIST1H4J"
REACTOME_CONVERSION_FROM_APC_C_CDC20_TO_APC_C_CDH1_IN_LATE_ANAPHASE,0.994514693790945,1,-0.18722836172016571,-0.4429421524447213,599938,16,"UBE2C, CDC20, ANAPC11, CDC14A"
REACTOME_REGULATION_OF_PYRUVATE_DEHYDROGENASE_PDH_COMPLEX,0.994549087453398,1,0.1839738348323794,0.43614401771339,408152,12,"PDK1, PDHA1, DLD, PDP1"
PID_MET_PATHWAY,0.9945619989645126,1,0.179770510515812,0.6435702199845998,293905,77,"ETS1, EIF4EBP1, SH3KBP1, SOS1, JUN, MUC20, PDPK1, MAPK8, RANBP10, DEPTOR, APC, RAB5A, PTPN11, PTPN2, NCK1, RANBP9, NUMB, EGR1, HGS"
PID_ERBB1_INTERNALIZATION_PATHWAY,0.9950634772437033,1,-0.18403444379542996,-0.5234061814771072,649060,39,"DNM1, PIK3R3, ITSN1, EGF, EGFR, SPRY2, PIK3R2, CDC42"
PID_REG_GR_PATHWAY,0.9950876191696416,1,-0.18643587670080547,-0.5745870173723657,683461,62,"MMP1, SGK1, MAPK10, KRT17, VIPR1, MAPK3, SFN, PRKACB, PBX1"
KEGG_PURINE_METABOLISM,0.9952228100915166,1,-0.19011120644877832,-0.6513703774168484,753730,133,"ENTPD2, ADCY2, NME5, PDE7B, PDE5A, POLE2, PDE4D, NME1-NME2, ADCY5, PDE4A, PDE2A, GDA, POLD1, NT5M, ENPP3, ADA, RRM2, PNP, POLA2, AK7, XDH, RRM1, POLR2L"
REACTOME_RIG_I_MDA5_MEDIATED_INDUCTION_OF_IFN_ALPHA_BETA_PATHWAYS,0.9958848830358844,1,-0.1834077993733694,-0.5543949587699325,674471,55,"UBA7, HERC5, TNFAIP3, AGER, ISG15, NLRX1, DHX58, HMGB1"
BIOCARTA_FAS_PATHWAY,0.9959356974921011,1,-0.17878483189573507,-0.48022182646907247,630744,29,"LMNB1, LMNA, ARHGDIB, CASP7, FAS, LMNB2, RB1, CASP6"
REACTOME_SIGNALING_BY_CONSTITUTIVELY_ACTIVE_EGFR,0.9960994013629091,1,0.1701377965141886,0.4474792132374695,389695,18,"SOS1, RPS27AP11, RPS27A, PIK3R1, CBL, PIK3CA, CDC37, GRB2, PLCG1, UBA52, SHC1, HRAS, HSP90AA1, NRAS, GAB1, KRAS, EGFR, EGF"
PID_HDAC_CLASSII_PATHWAY,0.996268076935883,1,0.16877083712087282,0.5085750838872364,359058,32,"MEF2C, ANKRA2, CAMK4, RANBP2, SUMO1, SRF, YWHAB, NR3C1"
BIOCARTA_PYK2_PATHWAY,0.9967500993245928,1,-0.17438622726024805,-0.4616347470180491,627204,27,"MAPK3, CALM3, PTK2B, MAP2K3, CALM2, MAP2K1, MAPK1, SRC, RAC1, CALM1, PRKCA, RAF1, BCAR1"
PID_P38_MKK3_6PATHWAY,0.9969167342891351,1,-0.17355119365027272,-0.45587733324782276,625322,26,"CAMK2B, MAP3K6"
REACTOME_MRNA_PROCESSING,0.9969792464656313,1,0.1783602385675226,0.7048622003863468,229049,150,"GTF2H3, CCAR1, GTF2H1, UPF3B, NUPL2, NCBP2, ZNF473, NUP88, PCF11, RAE1, RBM5, CDK7, ERCC3, RANBP2, NXF1, APOBEC1, MNAT1, NFX1, TPR, POLR2D, NCBP1, SRSF6, CDC40, POLR2G, PAPOLA, LSM10, MAGOH, PRPF4, SEH1L, NUP54, SF3A3, SUGP1, POLR2B, GTF2H2, CSTF3, CPSF2, CPSF7, POLR2A, ADAR, CD2BP2, POLR2C, NUP133, DNAJC8, SRSF9, HNRNPH1, SNRNP40, CCNH, GTF2F2, PCBP2, SRSF11, RNMT, PABPN1, POLR2I, POLR2J, 
NUP35, NUP155, RNPS1, SUPT5H, POM121, CSTF2, SNRPB2, HNRNPU, PRPF6, SNRNP200, U2AF1, CPSF3, NUP214, CLP1, HNRNPK, SF3B1, CPSF1, NUDT21, SF3B2, SF3B5, YBX1, NUP43, NUP153, POLR2F, PHF5A, NUP93, NUP50, HNRNPF, DHX9, HNRNPA0, SNRPD3, SRRM1, HNRNPH2, GTF2F1, GTF2H4, DHX38, EIF4E, SNRPD1, U2AF2, HNRNPL, METTL3, LSM11, NUP210, POLR2K, SF3A1, NUP188, CSTF1, HNRNPC, AAAS, SF3B3, GTF2H2B, EFTUD2, HNRNPR, 
SRSF4, HNRNPM, ADARB1, NUP37, POLR2E, POLR2H, RNGTT, TXNL4A, SNRPA1, SF3B4, PRPF8, SNRPE, SRSF5, SRSF1, SNRPF, RBMX, NUP85, HNRNPD, DDX23, SRSF3, HNRNPUL1, NUP107, SF3A2, PTBP1, HNRNPA1, NUP205, HNRNPA3, PCBP1, LSM2, HNRNPA2B1, SNRNP70, NUP62, ERCC2, SRSF7, SNRPB, FUS, SNRPD2, SLBP, SMC1A, SNRPG, SRSF2, SNRPA"
PID_NFAT_3PATHWAY,0.9969813220230951,1,-0.17829452218419806,-0.5320709935783867,669458,51,"AKAP5, PIM1, MAP3K8, MAPK3, KPNA2, NFATC2, SFN"
PID_BETA_CATENIN_DEG_PATHWAY,0.997116726564457,1,0.16597588356320242,0.43653297100895433,390093,18,"AXIN1, CSNK1A1, APC, GSK3B, DVL3, CUL1, GSK3A, DVL1, DVL2, CSNK1E"
KEGG_FATTY_ACID_METABOLISM,0.9971264010543264,1,-0.17479332755400495,-0.4843782149430323,641594,34,"CPT1C, ACADS, ACAA2, ACAT2, HADH, ACOX3, ECI2, ECHS1, ACOX1, ACSL4, ACADVL, HADHA, ACSL3, CPT2, ADH5, ALDH1B1"
REACTOME_TRANSCRIPTIONAL_ACTIVITY_OF_SMAD2_SMAD3_SMAD4_HETEROTRIMER,0.9972118694699706,1,0.1660815236840037,0.516541194812689,350509,37,"MYC, E2F5, TGIF1, CDK8, CDKN2B, E2F4, RPS27AP11, TRIM33, SMAD2, CCNT1, NCOR1, MEN1"
KEGG_OTHER_GLYCAN_DEGRADATION,0.9974067747177201,1,-0.17490897194812768,-0.40764356714545297,598468,15,"FUCA2, FUCA1, HEXB, MAN2B1, MAN2C1"
KEGG_INOSITOL_PHOSPHATE_METABOLISM,0.9977462518377003,1,-0.17401898390082146,-0.5175162529832142,668484,50,"PLCD3, PIK3C2G, PLCB1, ISYNA1, INPP4B, PLCD4, IMPA2"
PID_ECADHERIN_NASCENT_AJ_PATHWAY,0.9977974685489883,1,-0.17176626022731178,-0.48615844925680674,649181,38,"TIAM1, AKT1, CDC42, RHOA, RAPGEF1, ITGB7, VAV2, CTNND1, CTNNB1, AP1M1, ENAH, CCND1, JUP, NME1, RAP1A, SRC, RAC1, CDH1, PIP5K1C"
REACTOME_TRANSCRIPTION,0.9979555555555556,1,0.17597673180178264,0.6994537679477635,224539,157,"HIST2H3D, TCEA1, POLR3C, TAF4B, GTF2H3, HIST3H2BB, GTF2H1, POLR3B, TAF1, UPF3B, HIST2H2AC, CTDP1, TAF12, NCBP2, GTF3C3, ZNF473, POLR3D, POLR1B, NFIB, TAF1A, PCF11, HIST1H2BN, HIST1H3D, SNAPC4, ELL, TBP, GTF2A1, SSB, POLR1C, CDK7, POLR3F, ERCC3, HIST1H2AC, SUPT4H1, SNAPC1, TAF13, MNAT1, HIST2H2BE, TAF1C, NFX1, RRN3, GTF3C4, POLR1A, POLR3H, HIST2H2AA3, POLR3E, CCNT1, POLR2D, NCBP1, SRSF6, CDC40"
REACTOME_PROCESSING_OF_CAPPED_INTRON_CONTAINING_PRE_MRNA,0.998130558214499,1,0.1742078580481622,0.6762575215393599,244000,131,"CCAR1, UPF3B, NUPL2, NCBP2, NUP88, PCF11, RAE1, RBM5, RANBP2, NXF1, NFX1, TPR, POLR2D, NCBP1, SRSF6, CDC40, POLR2G, PAPOLA, MAGOH, PRPF4, SEH1L, NUP54, SF3A3, SUGP1, POLR2B, CSTF3, CPSF2, CPSF7, POLR2A, CD2BP2, POLR2C, NUP133, DNAJC8, SRSF9, HNRNPH1, SNRNP40, GTF2F2, PCBP2, SRSF11, PABPN1, POLR2I, POLR2J, NUP35, NUP155, RNPS1, POM121, CSTF2, SNRPB2, HNRNPU, PRPF6, SNRNP200, U2AF1, CPSF3, NUP214, 
CLP1, HNRNPK, SF3B1, CPSF1, NUDT21, SF3B2, SF3B5, YBX1, NUP43, NUP153, POLR2F, PHF5A, NUP93, NUP50, HNRNPF, DHX9, HNRNPA0, SNRPD3, SRRM1, HNRNPH2, GTF2F1, DHX38, EIF4E, SNRPD1, U2AF2, HNRNPL, METTL3, NUP210, POLR2K, SF3A1, NUP188, CSTF1, HNRNPC, AAAS, SF3B3, EFTUD2, HNRNPR, SRSF4, HNRNPM, NUP37, POLR2E, POLR2H, TXNL4A, SNRPA1, SF3B4, PRPF8, SNRPE, SRSF5, SRSF1, SNRPF, RBMX, NUP85, HNRNPD, DDX23, 
SRSF3, HNRNPUL1, NUP107, SF3A2, PTBP1, HNRNPA1, NUP205, HNRNPA3, PCBP1, LSM2, HNRNPA2B1, SNRNP70, NUP62, SRSF7, SNRPB, FUS, SNRPD2, SLBP, SMC1A, SNRPG, SRSF2, SNRPA"
REACTOME_SIGNALING_BY_FGFR1_FUSION_MUTANTS,0.998134051766005,1,0.15990231244151526,0.42055887893325417,390491,18,"STAT5A, FGFR1OP2, ZMYM2, BCR, PIK3R1, CNTRL, PIK3CA"
REACTOME_TRIF_MEDIATED_TLR3_SIGNALING,0.9982564198391537,1,-0.1752304550159735,-0.5491906858407047,694481,69,"MAPK10, NOD2, DUSP4, RIPK3, MAPK3, RPS6KA5, AGER, CDK1, PPP2R1A, HMGB1, TLR3, IRAK2, NOD1, RPS6KA1, MAP2K3, PPP2R5D, SAA1, ZBP1, NFKB2, PPP2R1B, NFKBIA, TICAM1, MAP2K1"
REACTOME_DOWNSTREAM_SIGNAL_TRANSDUCTION,0.9988927230882654,1,-0.17277679008184985,-0.5584471193971299,712671,85,"PDGFRB, ADCY2, PDGFB, ADCY5, MAPK3, CALM3, CDK1, PRKACB, BAD, AKT1, ADCY1, PIK3R2, GRB7, PHLPP1, ADCY7, CDKN1B, RAPGEF1, FOXO4, CALM2, ADCY6, STAT3, FOXO1, STAT6"
BIOCARTA_NTHI_PATHWAY,0.9989451459753199,1,-0.15647276940801966,-0.39707440397612853,618389,22,"IL1B, MAP2K3, MYD88, DUSP1, NFKBIA, SMAD3, TGFBR2"
PID_MYC_ACTIV_PATHWAY,0.9990516196023372,1,-0.1692454560662148,-0.5350298255008635,699476,73,"SERPINI1, PEG10, TK1, PIM1, BIRC5, SHMT1, CCNB1, PMAIP1, PTMA, HMGA1, CDCA7, LDHA, CDC25A"
REACTOME_GOLGI_ASSOCIATED_VESICLE_BIOGENESIS,0.9991619640187142,1,0.15399230592445184,0.5072504060220135,331449,49,"VAMP7, TPD52L1, FTH1, DTNBP1, YIPF6, AP4B1, SH3D19, NECAP1, SNX5, TGOLN2, PIK3C2A"
REACTOME_METABOLISM_OF_RNA,0.9991830163516874,1,0.17533746709668052,0.7389429610453819,166329,262,"RPS17, RPL17P36, GSPT2, RPSAP9, RPL21P16, RPL3L, EXOSC5, EXOSC8, TGS1, RPL21P75, UPF3B, RPS12, PARN, SMN2, PABPC1, SMG1, NUPL2, NCBP2, DDX20, NUP88, RPL26, RAE1, RPS18, CNOT10, RPL10P9, RPL21, EXOSC1, UPF2, RANBP2, EXOSC2, RPL4, PRMT5, DIS3, TPR, RPS27AP11, RPS23, SMG5, RPSAP12, RPL26L1, MAPKAPK2, RPL12, CNOT2, EXOSC3, ETF1, RPLP1, SMG9, RPLP0, PSMD9, RPL14, EDC3, PAIP1, RPL10, YWHAB, NCBP1, 
RPS24, PPP2R2A, RPL23AP2, RPL37A, TNPO1, SMG7, RPS3A, RPS6, PSMF1, PHAX, PSMB4, RPL5P1, MAGOH, XRN1, SMG8, RPS27, SEH1L, NUP54, UPF3A, RPL19, RPS7, RPL5, RPL36A, RPS8, RPS27A, RPL3, RPL37, PSMD6, RPL7, RPL13A, RPS15A, RPL6, RPL11, RPL30, RPS4X, GEMIN4, SMG6, RPL22, RPL13, RPS19, CNOT7, GEMIN5, RPS13, RPL10A, RPS16, LSM1, RPL23AP42, RPL36, FAU, RPL17, RPS14"
REACTOME_TRANS_GOLGI_NETWORK_VESICLE_BUDDING,0.9992062182681861,1,0.15530707689179746,0.524857511914431,320991,56,"VAMP7, TPD52L1, FTH1, DNASE2, DTNBP1, YIPF6, AP4B1, SH3D19, NECAP1, SNX5, TGOLN2, PIK3C2A"
KEGG_HUNTINGTONS_DISEASE,0.9993890851615285,1,-0.17440439044791659,-0.605387390140052,768867,149,"TGM2, BDNF, PLCB1, DNAH2, DLG4, CLTCL1, POLR2L, NDUFA3, UQCR10, CREB3L1, COX6A2, AP2A1, UQCRHL, COX8A, NDUFB6, NDUFA4, NDUFS5, NDUFA1, NDUFA2, SDHA, PLCB3, NDUFB3, SDHC, NDUFB1, PPARGC1A, HIP1, CREB3L4, GPX1, COX7A2, AP2S1, NDUFC2, HDAC1, COX7B, UQCRC1, COX6B1, NDUFA6, NDUFC1, SLC25A5, UQCRQ, NDUFA7, VDAC1, CLTB, NDUFS8, COX7C, NDUFB4, POLR2J3, CREB3L2, RCOR1, NDUFS6, BAX, POLR2H, POLR2E, NDUFAB1, 
UQCR11, NDUFB8"
REACTOME_SIGNALING_BY_TGF_BETA_RECEPTOR_COMPLEX,0.9994530138934471,1,-0.16089446704958504,-0.4946166545549356,685199,61,"SERPINE1, TGFB1, SMAD7, PMEPA1, CGN, WWTR1, SMURF1, RHOA, STUB1, PPP1CA, JUNB, F11R, HDAC1"
KEGG_GLYCEROPHOSPHOLIPID_METABOLISM,0.9995048874058298,1,-0.15817320966895831,-0.4836216851171988,682334,59,"PHOSPHO1, LPCAT2, JMJD7-PLA2G4B, DGKI, DGKA, LPCAT3, LPCAT4, CHKB, PLD2, ACHE, AGPAT4, MBOAT7, PCYT1B, AGPAT1, LYPLA2, DGKZ, AGPAT2, CHKA, AGPAT3"
BIOCARTA_TNFR1_PATHWAY,0.9996039177289593,1,-0.14428190259718426,-0.3847163649017683,630931,28,"LMNB1, LMNA, ARHGDIB"
REACTOME_FATTY_ACID_TRIACYLGLYCEROL_AND_KETONE_BODY_METABOLISM,0.999623413190172,1,0.16513677293887727,0.6536719603045635,228280,152,"TRIB3, ELOVL4, ABCA1, TBL1X, PRKAA2, PRKAB2, PPARG, ACSL6, ME1, MCEE, ARNTL, HMGCS2, ELOVL7, CPT1B, MED8, TGS1, GK, CYP1A1, TNFRSF21, PPARGC1B, GLIPR1, MED1, GPD1L, ACSL5, MED17, RORA, TBL1XR1, GPD1, OXCT1, LCLAT1, DGAT2, CDK8, AGT"
REACTOME_REGULATION_OF_ORNITHINE_DECARBOXYLASE_ODC,0.9996671240572909,1,-0.15166129092667605,-0.44438903583628736,663689,46,"PSMB9, PSMA2, PSME1, PSMB8, PSMB5, OAZ1, AZIN1, PSMB6, PSMB7, PSME2, PSMB2, PSMD2, PSMB1, PSMB10, PSMC2, PSMC3, OAZ2, PSMA4, PSMD5, PSMA3, PSMD3"
REACTOME_PPARA_ACTIVATES_GENE_EXPRESSION,0.9997269143840661,1,0.15510065668693673,0.5724403801425619,278224,93,"TRIB3, ABCA1, TBL1X, PPARG, ME1, ARNTL, HMGCS2, MED8, TGS1, CYP1A1, TNFRSF21, PPARGC1B, GLIPR1, MED1, MED17, RORA, TBL1XR1, CDK8, AGT, NCOA6, CREBBP, MED20, CPT1A, ESRRA, FHL2, EP300"
REACTOME_AUTODEGRADATION_OF_THE_E3_UBIQUITIN_LIGASE_COP1,0.9997644461691548,1,-0.14590425166665463,-0.4258298577577917,662112,45,"PSMB9, PSMA2, PSME1, PSMB8, PSMB5, PSMB6, PSMB7, PSME2, PSMB2, PSMD2, PSMB1, PSMB10, PSMC2, PSMC3, PSMA4, PSMD5, PSMA3, PSMD3, PSMA5, PSMD10, PSMD4, UBA52, PSMD11, PSMA6, PSMC4, PSMA1, PSMD14, PSMC1, PSMD8, PSMD13, PSMA7, PSMC5, PSMD1, PSMD7, PSMD12, PSME4, PSMC6, PSMD6, RPS27A, PSMB4, PSMF1, PSMD9, RPS27AP11, ATM"
PID_PI3KCI_AKT_PATHWAY,0.9997717235995525,1,0.13447971781305113,0.41319378766364817,354751,35,"AKT3, TBC1D4, PDPK1, MAPKAP1, FOXO3, CASP9, GSK3B"
REACTOME_AUTODEGRADATION_OF_CDH1_BY_CDH1_APC_C,0.9998011064375216,1,-0.15023651844843897,-0.4555074146079483,678619,56,"PSMB9, UBE2C, PSMA2, ANAPC11, PSME1, PSMB8, PSMB5, CDC23, PSMB6, PSMB7, PSME2, ANAPC2, PSMB2, PSMD2, PSMB1, PSMB10, PSMC2, ANAPC5, PSMC3, PSMA4, PSMD5, CDC27, PSMA3, PSMD3, PSMA5, PSMD10, PSMD4, UBA52, PSMD11, PSMA6, PSMC4, PSMA1, PSMD14, PSMC1, CDC26, PSMD8, PSMD13, PSMA7, PSMC5, PSMD1, PSMD7, PSMD12, UBE2D1, PSMC6, ANAPC4, PSMD6, RPS27A, PSMB4, PSMF1, ANAPC7, PSMD9, ANAPC1, RPS27AP11, UBE2E1, 
CDC16, ANAPC10"
PID_HDAC_CLASSI_PATHWAY,0.9998139616005116,1,-0.15112599334428414,-0.4669458937909401,687901,63,"SSPO, SMAD7, HDAC9, GATA2, CHD3, SMURF1, RANGAP1, HDAC1, HDAC11, STAT3, SAP30, PRKACA, HDAC7, UBE2I, NFKBIA, KAT2B, RBBP7, XPO1, ZFPM1, RAN, MTA2, CHD4, RBBP4, HDAC6"
PID_MTOR_4PATHWAY,0.9998346976764243,1,-0.1535639719650322,-0.48128564795549356,695579,69,"SGK1, SSPO, SREBF1, CDK2, MAPK3, SFN, PLD2, AKT1, PPARGC1A, RPS6KA1, RHOA, RRAGA, CCNE1, PXN, PRR5, YWHAH, YWHAQ, PLD1, EEF2K, MAP2K1, KRAS, YWHAE"
REACTOME_HIV_LIFE_CYCLE,0.9998532576795147,1,0.15427591155512504,0.580886363722213,265732,106,"TCEA1, TAF4B, GTF2H3, VPS37A, GTF2H1, TAF1, LIG4, CTDP1, TAF12, NUPL2, NCBP2, NUP88, RAE1, ELL, TBP, GTF2A1, CDK7, ERCC3, RANBP2, SUPT4H1, TAF13, TSG101, MNAT1, TPR, RPS27AP11, CCNT1, POLR2D, NCBP1, POLR2G, SEH1L, NUP54, SUPT16H, PSIP1, RPS27A, GTF2B, POLR2B, GTF2H2, TAF11"
KEGG_UBIQUITIN_MEDIATED_PROTEOLYSIS,0.9998722612682859,1,-0.16095903799959607,-0.5478599612689017,751437,126,"UBA7, FBXO2, UBE2QL1, MID1, SOCS3, PIAS3, KLHL13, DDB2, UBE2C, RHOBTB2, UBE2S, CDC20, SKP2"
REACTOME_MEMBRANE_TRAFFICKING,0.9998911398597451,1,-0.15863241210200538,-0.5350864328220859,743992,117,"GJB2, GJA1, DAB2, DNM1, GJC2, AP1S1, GJB7, GJB6, CLTCL1, ARRB1, DNAJC6, BLOC1S1, TBC1D8B, VAMP8"
PID_TELOMERASE_PATHWAY,0.9999256327681424,1,0.13724190586912055,0.476789387333158,309252,65,"FOS, MYC, TERT, RAD50, WT1, JUN, TNKS, DKC1, TERF2IP, PINX1, NCL, ATM, WRN, SMG5, MAX, NR2F2, NBN, UBE3A, NFKB1, SP3"
REACTOME_SIGNALING_BY_WNT,0.9999401961856835,1,-0.14009662292676367,-0.43068058347292215,685533,61,"PSMB9, PSMA2, PPP2R1A, PSME1, PPP2R5D, PSMB8, PSMB5, PPP2R1B, CTNNB1, PSMB6, PSMB7, PSME2, PSMB2, PSMD2, PSMB1, PSMB10, PSMC2, PSMC3, PSMA4, PPP2CA, PSMD5, FRAT1, PSMA3, PSMD3, PPP2R5C, SKP1, PSMA5, PSMD10, PSMD4, UBA52, PSMD11, PSMA6, PSMC4, PSMA1, PSMD14, PSMC1, PPP2R5E, PPP2CB, PSMD8, BTRC, PSMD13, PSMA7, PSMC5, PSMD1, PSMD7, PSMD12, PSME4, PPP2R5B, PSMC6, PSMD6, CUL1, RPS27A, PPP2R5A, PSMB4, 
PSMF1, PSMD9, RPS27AP11, APC, CSNK1A1, FRAT2"
REACTOME_NGF_SIGNALLING_VIA_TRKA_FROM_THE_PLASMA_MEMBRANE,0.9999413440478206,1,-0.15543643083197697,-0.5281134300194253,750092,124,"NGF, ADCY2, SHC3, DNM1, ADCY5, DUSP4, MAPK3, RPS6KA5, CALM3, CDK1, PRKACB, AP2A1, PPP2R1A, BAD, AKT1, ADCY1, RPS6KA1, PIK3R2, RHOA, PHLPP1, ADCY7, CDKN1B, AP2S1, RAPGEF1, FOXO4, CALM2, PPP2R5D, MAPK12, ADCY6, STAT3, FOXO1, DNM2"
PID_ERBB1_DOWNSTREAM_PATHWAY,0.9999467656007502,1,-0.1529057699126383,-0.5081562006435453,732569,104,"F2RL2, PIK3R3, MAPK3, RPS6KA5, RIN1, SFN, DIAPH3, EGF, PLD2, SH2D2A, EGFR, PPP2R1A, BAD, KSR1, AKT1, PIK3R2, CDC42, DUSP1, ZFP36, STAT3, YWHAH, YWHAQ, ACTR2, ARPC5, VAV2, PLD1"
REACTOME_REGULATION_OF_MRNA_STABILITY_BY_PROTEINS_THAT_BIND_AU_RICH_ELEMENTS,0.9999801947142521,1,-0.1380583797504558,-0.4415654177913614,706867,79,"HSPB1, PSMB9, PSMA2, HSPA1B, AKT1, EXOSC7, EXOSC9, PSME1, ZFP36, TNFSF13, PSMB8, ELAVL1, HNRNPD, PSMB5, PSMB6, PSMB7, XPO1, PSME2, YWHAZ, DCP2, EIF4G1, PSMB2, PSMD2, EXOSC4, PSMB1, PSMB10, PRKCD, ZFP36L1, PSMC2, PSMC3"
REACTOME_SIGNALING_BY_EGFR_IN_CANCER,1,1,-0.1116270692791634,-0.36900587223569387,728746,100,"ADCY2, ADCY5, MAPK3, CALM3, CDK1, EGF, PRKACB, EGFR, AP2A1, BAD, AKT1, SPRY2, ADCY1, ADAM10, CDC42, PHLPP1, ADCY7, CDKN1B, AP2S1, FOXO4, CALM2, ADCY6, FOXO1"
REACTOME_ASPARAGINE_N_LINKED_GLYCOSYLATION,1,1,0.10914911591334991,0.39159954211387443,294298,78,"MAN1C1, UGGT2, EDEM1, GFPT2, MCFD2, TUSC3, ALG5, ALG13, CANX, DPM1, PMM2, ALG10B, ALG1, ALG2, STT3A, B4GALT4, B4GALT1, GMPPA, RPN2"
REACTOME_HIV_INFECTION,1,1,-0.12744283631477143,-0.45134771811158225,790224,180,"APOBEC3G, LCK, CXCR4, CD4"
